chr	rs	ps	n_miss	allele1	allele0	af	beta	se	logl_H1	l_remle	l_mle	p_wald	p_lrt	p_score
chr	freebayes-snp-chr-3165-G	3165	0	G	C	0.236	1.693384e-02	1.629792e-01	-1.490001e+02	1.000000e-05	1.000000e-05	9.174864e-01	9.163075e-01	9.165520e-01
chr	freebayes-snp-chr-11438-C	11438	0	C	G	0.101	1.568669e-01	2.289083e-01	-1.487661e+02	1.000000e-05	1.000000e-05	4.949872e-01	4.888228e-01	4.912477e-01
chr	freebayes-snp-chr-25061-T	25061	0	T	G	0.337	1.418371e-01	1.456074e-01	-1.485229e+02	1.000000e-05	1.000000e-05	3.327045e-01	3.258198e-01	3.298477e-01
chr	freebayes-snp-chr-25448-G	25448	0	G	A	0.112	1.197191e-01	2.187463e-01	-1.488527e+02	1.000000e-05	1.000000e-05	5.855762e-01	5.802113e-01	5.819536e-01
chr	freebayes-snp-chr-32798-C	32798	0	C	G	0.202	-1.251075e+00	3.155711e-01	-1.460062e+02	5.264423e-01	4.984726e-01	1.504570e-04	1.431437e-02	1.065727e-01
chr	freebayes-snp-chr-40640-A	40640	0	A	G	0.169	5.565789e-02	1.847671e-01	-1.489593e+02	1.000000e-05	1.000000e-05	7.639559e-01	7.606739e-01	7.614615e-01
chr	freebayes-snp-chr-53236-C	53236	0	C	G	0.090	6.442767e-02	2.418425e-01	-1.489694e+02	1.000000e-05	1.000000e-05	7.905589e-01	7.876271e-01	7.883071e-01
chr	freebayes-snp-chr-57536-A	57536	0	A	G	0.146	1.123056e-02	1.959371e-01	-1.490040e+02	1.000000e-05	1.000000e-05	9.544240e-01	9.537712e-01	9.539046e-01
chr	freebayes-snp-chr-57596-A	57596	0	A	G	0.146	-1.226568e-02	1.959374e-01	-1.490036e+02	1.000000e-05	1.000000e-05	9.502286e-01	9.495159e-01	9.496617e-01
chr	freebayes-snp-chr-59294-A	59294	0	A	G	0.101	-8.285405e-02	2.293487e-01	-1.489389e+02	1.000000e-05	1.000000e-05	7.187824e-01	7.149249e-01	7.159132e-01
chr	freebayes-snp-chr-65201-G	65201	0	G	C	0.079	1.054432e-01	2.568146e-01	-1.489195e+02	1.000000e-05	1.000000e-05	6.823891e-01	6.780886e-01	6.792569e-01
chr	freebayes-snp-chr-65270-C	65270	0	C	T	0.101	1.574348e-01	2.289049e-01	-1.487644e+02	1.000000e-05	1.000000e-05	4.934248e-01	4.872485e-01	4.896866e-01
chr	freebayes-snp-chr-71912-G	71912	0	G	T	0.326	5.562845e-02	1.475325e-01	-1.489330e+02	1.000000e-05	1.000000e-05	7.070479e-01	7.030454e-01	7.040898e-01
chr	freebayes-snp-chr-72121-G	72121	0	G	A	0.315	1.474473e-02	1.490214e-01	-1.490006e+02	1.000000e-05	1.000000e-05	9.214106e-01	9.202874e-01	9.205199e-01
chr	freebayes-snp-chr-79251-T	79251	1	T	C	0.295	8.368730e-02	1.522722e-01	-1.488514e+02	1.000000e-05	1.000000e-05	5.840085e-01	5.786280e-01	5.803808e-01
chr	freebayes-snp-chr-79705-T	79705	2	T	C	0.218	5.269412e-02	1.693157e-01	-1.489561e+02	1.000000e-05	1.000000e-05	7.563792e-01	7.529989e-01	7.538186e-01
chr	freebayes-snp-chr-81474-C	81474	2	C	G	0.253	1.982950e-01	1.596079e-01	-1.482231e+02	1.000000e-05	1.000000e-05	2.174318e-01	2.109101e-01	2.162604e-01
chr	freebayes-snp-chr-81575-G	81575	4	G	A	0.235	1.096222e-01	1.665231e-01	-1.487845e+02	1.000000e-05	1.000000e-05	5.120833e-01	5.060522e-01	5.083366e-01
chr	freebayes-snp-chr-81887-G	81887	0	G	C	0.079	-1.592598e-01	2.564917e-01	-1.488089e+02	1.000000e-05	1.000000e-05	5.362783e-01	5.304506e-01	5.325456e-01
chr	freebayes-snp-chr-84938-A	84938	0	A	G	0.303	1.296255e-01	1.498949e-01	-1.486248e+02	1.000000e-05	1.000000e-05	3.895403e-01	3.827786e-01	3.861927e-01
chr	freebayes-snp-chr-88674-T	88674	0	T	C	0.090	-2.025535e-01	2.409592e-01	-1.486457e+02	1.000000e-05	1.000000e-05	4.028689e-01	3.961585e-01	3.994362e-01
chr	freebayes-snp-chr-88974-A	88974	0	A	G	0.303	2.626123e-02	1.505093e-01	-1.489901e+02	1.000000e-05	1.000000e-05	8.618917e-01	8.599316e-01	8.603538e-01
chr	freebayes-snp-chr-92502-T	92502	0	T	G	0.079	2.669810e-01	2.554642e-01	-1.484505e+02	1.000000e-05	1.000000e-05	2.988802e-01	2.920061e-01	2.964191e-01
chr	freebayes-snp-chr-109296-A	109296	0	A	G	0.079	-1.959575e-01	2.561980e-01	-1.487074e+02	1.000000e-05	1.000000e-05	4.464204e-01	4.399290e-01	4.427835e-01
chr	freebayes-snp-chr-113162-A	113162	0	A	G	0.112	-9.927881e-02	2.188583e-01	-1.489005e+02	1.000000e-05	1.000000e-05	6.512308e-01	6.465682e-01	6.479052e-01
chr	freebayes-snp-chr-118257-A	118257	0	A	G	0.079	-3.099207e-02	2.570355e-01	-1.489982e+02	1.000000e-05	1.000000e-05	9.043057e-01	9.029402e-01	9.032255e-01
chr	freebayes-snp-chr-126424-T	126424	0	T	C	0.079	2.698929e-01	2.554290e-01	-1.484382e+02	1.000000e-05	1.000000e-05	2.936076e-01	2.867415e-01	2.912154e-01
chr	freebayes-snp-chr-133377-T	133377	0	T	G	0.079	2.988900e-01	2.550594e-01	-1.483087e+02	1.000000e-05	1.000000e-05	2.444587e-01	2.377617e-01	2.428058e-01
chr	freebayes-snp-chr-134524-A	134524	0	A	G	0.079	-2.521627e-03	2.570584e-01	-1.490056e+02	1.000000e-05	1.000000e-05	9.921957e-01	9.920838e-01	9.921065e-01
chr	freebayes-snp-chr-136175-G	136175	0	G	A	0.112	4.127020e-02	2.190732e-01	-1.489875e+02	1.000000e-05	1.000000e-05	8.510132e-01	8.489024e-01	8.493614e-01
chr	freebayes-snp-chr-136317-T	136317	0	T	G	0.067	-1.458636e-01	2.755346e-01	-1.488625e+02	1.000000e-05	1.000000e-05	5.978872e-01	5.926471e-01	5.943079e-01
chr	freebayes-snp-chr-155413-T	155413	0	T	C	0.169	2.807033e-01	1.823935e-01	-1.478104e+02	1.000000e-05	1.000000e-05	1.274340e-01	1.220692e-01	1.282110e-01
chr	freebayes-snp-chr-155443-G	155443	0	C	G	0.416	-1.365401e-01	1.396429e-01	-1.485193e+02	1.000000e-05	1.000000e-05	3.308942e-01	3.240084e-01	3.280566e-01
chr	freebayes-snp-chr-156007-C	156007	0	C	T	0.213	1.182424e-01	1.684111e-01	-1.487542e+02	1.000000e-05	1.000000e-05	4.844875e-01	4.782456e-01	4.807595e-01
chr	freebayes-snp-chr-156280-T	156280	0	T	C	0.404	1.517080e-01	1.400663e-01	-1.484096e+02	1.000000e-05	1.000000e-05	2.817498e-01	2.749086e-01	2.795199e-01
chr	freebayes-snp-chr-161073-G	161073	0	G	A	0.146	1.001255e-01	1.956483e-01	-1.488719e+02	1.000000e-05	1.000000e-05	6.101138e-01	6.050008e-01	6.065834e-01
chr	freebayes-snp-chr-175377-A	175377	0	A	G	0.157	7.672040e-02	1.898929e-01	-1.489222e+02	1.000000e-05	1.000000e-05	6.871900e-01	6.829468e-01	6.840903e-01
chr	freebayes-snp-chr-194762-C	194762	0	C	T	0.124	1.092934e-01	2.099315e-01	-1.488672e+02	1.000000e-05	1.000000e-05	6.039577e-01	5.987803e-01	6.004020e-01
chr	freebayes-snp-chr-203274-G	203274	0	G	C	0.090	-4.667984e-02	2.418883e-01	-1.489866e+02	1.000000e-05	1.000000e-05	8.474237e-01	8.452633e-01	8.457346e-01
chr	freebayes-snp-chr-203346-A	203346	0	A	G	0.056	4.316620e-02	3.004757e-01	-1.489951e+02	1.000000e-05	1.000000e-05	8.861016e-01	8.844797e-01	8.848226e-01
chr	freebayes-snp-chr-214606-A	214606	0	A	C	0.416	1.297346e-01	1.397291e-01	-1.485669e+02	1.000000e-05	1.000000e-05	3.557313e-01	3.488768e-01	3.526501e-01
chr	freebayes-snp-chr-225694-T	225694	0	T	C	0.056	3.075300e-01	2.986988e-01	-1.484667e+02	1.000000e-05	1.000000e-05	3.060678e-01	2.991856e-01	3.035159e-01
chr	freebayes-snp-chr-231169-A	231169	0	A	G	0.281	1.785273e-01	1.527852e-01	-1.483127e+02	1.000000e-05	1.000000e-05	2.458027e-01	2.390986e-01	2.441272e-01
chr	freebayes-snp-chr-239458-G	239458	0	G	C	0.360	1.269006e-01	1.435714e-01	-1.486078e+02	1.000000e-05	1.000000e-05	3.791946e-01	3.723988e-01	3.759208e-01
chr	freebayes-snp-chr-244618-C	244618	0	C	G	0.079	1.603190e-01	2.564865e-01	-1.488063e+02	1.000000e-05	1.000000e-05	5.335689e-01	5.277176e-01	5.298332e-01
chr	freebayes-snp-chr-253532-C	253532	0	C	T	0.247	1.417145e-01	1.597049e-01	-1.486047e+02	1.000000e-05	1.000000e-05	3.773358e-01	3.705343e-01	3.740759e-01
chr	freebayes-snp-chr-253549-T	253549	0	T	C	0.225	1.133796e-01	1.653550e-01	-1.487658e+02	1.000000e-05	1.000000e-05	4.947420e-01	4.885756e-01	4.910026e-01
chr	freebayes-snp-chr-259627-A	259627	0	A	G	0.056	4.027462e-01	2.973826e-01	-1.480773e+02	1.000000e-05	1.000000e-05	1.791467e-01	1.729949e-01	1.787456e-01
chr	freebayes-snp-chr-260268-T	260268	0	T	C	0.236	1.594303e-01	1.620912e-01	-1.485135e+02	1.000000e-05	1.000000e-05	3.280476e-01	3.211603e-01	3.252405e-01
chr	freebayes-snp-chr-260355-T	260355	0	T	C	0.101	5.686944e-02	2.294430e-01	-1.489742e+02	1.000000e-05	1.000000e-05	8.048279e-01	8.020869e-01	8.027120e-01
chr	freebayes-snp-chr-260874-A	260874	0	A	G	0.348	1.391785e-01	1.444847e-01	-1.485335e+02	1.000000e-05	1.000000e-05	3.380794e-01	3.311992e-01	3.351670e-01
chr	freebayes-snp-chr-283711-A	283711	1	A	C	0.057	1.309396e-01	3.002779e-01	-1.489085e+02	1.000000e-05	1.000000e-05	6.638723e-01	6.593546e-01	6.606215e-01
chr	freebayes-snp-chr-284006-G	284006	0	G	C	0.213	1.837644e-01	1.677345e-01	-1.483959e+02	1.000000e-05	1.000000e-05	2.762917e-01	2.694652e-01	2.741400e-01
chr	freebayes-snp-chr-287255-A	287255	0	A	C	0.393	1.154771e-01	1.411352e-01	-1.486645e+02	1.000000e-05	1.000000e-05	4.154772e-01	4.088223e-01	4.119739e-01
chr	freebayes-snp-chr-287544-A	287544	0	A	C	0.067	2.216638e-01	2.749530e-01	-1.486744e+02	1.000000e-05	1.000000e-05	4.223327e-01	4.157108e-01	4.187950e-01
chr	freebayes-snp-chr-289079-C	289079	0	C	T	0.090	-4.667984e-02	2.418883e-01	-1.489866e+02	1.000000e-05	1.000000e-05	8.474237e-01	8.452633e-01	8.457346e-01
chr	freebayes-snp-chr-293345-T	293345	0	T	C	0.393	1.630869e-01	1.405936e-01	-1.483227e+02	1.000000e-05	1.000000e-05	2.492269e-01	2.425055e-01	2.474946e-01
chr	freebayes-snp-chr-306262-A	306262	0	A	G	0.056	9.332361e-02	3.003478e-01	-1.489563e+02	1.000000e-05	1.000000e-05	7.567578e-01	7.533824e-01	7.542005e-01
chr	freebayes-snp-chr-318086-A	318086	0	A	G	0.124	-5.704560e-02	2.101721e-01	-1.489680e+02	1.000000e-05	1.000000e-05	7.867085e-01	7.837256e-01	7.844207e-01
chr	freebayes-snp-chr-332089-T	332089	0	T	C	0.135	8.116745e-02	2.024237e-01	-1.489235e+02	1.000000e-05	1.000000e-05	6.894194e-01	6.852030e-01	6.863351e-01
chr	freebayes-snp-chr-333093-A	333093	0	A	G	0.056	2.954654e-01	2.988357e-01	-1.485084e+02	1.000000e-05	1.000000e-05	3.255412e-01	3.186531e-01	3.227616e-01
chr	freebayes-snp-chr-354108-G	354108	0	G	C	0.146	9.499735e-02	1.956762e-01	-1.488853e+02	1.000000e-05	1.000000e-05	6.285545e-01	6.236394e-01	6.251085e-01
chr	freebayes-snp-chr-356603-T	356603	0	T	G	0.281	1.753608e-01	1.528270e-01	-1.483372e+02	1.000000e-05	1.000000e-05	2.543430e-01	2.475974e-01	2.525273e-01
chr	freebayes-snp-chr-357010-G	357010	0	G	C	0.067	3.275722e-01	2.737322e-01	-1.482791e+02	1.000000e-05	1.000000e-05	2.346788e-01	2.280379e-01	2.331941e-01
chr	freebayes-snp-chr-358659-C	358659	0	C	T	0.371	1.354590e-01	1.425381e-01	-1.485461e+02	1.000000e-05	1.000000e-05	3.445747e-01	3.377020e-01	3.415977e-01
chr	freebayes-snp-chr-359658-A	359658	0	A	G	0.124	1.033575e-02	2.102572e-01	-1.490044e+02	1.000000e-05	1.000000e-05	9.609063e-01	9.603462e-01	9.604605e-01
chr	freebayes-snp-chr-364529-T	364529	0	T	C	0.079	3.170582e-01	2.548036e-01	-1.482206e+02	1.000000e-05	1.000000e-05	2.167224e-01	2.102062e-01	2.155643e-01
chr	freebayes-snp-chr-371589-A	371589	0	A	G	0.258	1.500293e-01	1.572631e-01	-1.485425e+02	1.000000e-05	1.000000e-05	3.427257e-01	3.358507e-01	3.397669e-01
chr	freebayes-snp-chr-374359-A	374359	0	A	G	0.056	8.126266e-02	3.003842e-01	-1.489682e+02	1.000000e-05	1.000000e-05	7.873940e-01	7.844202e-01	7.851126e-01
chr	freebayes-snp-chr-377886-A	377886	0	A	G	0.056	3.477156e-02	3.004875e-01	-1.489988e+02	1.000000e-05	1.000000e-05	9.081434e-01	9.068322e-01	9.071055e-01
chr	freebayes-snp-chr-380075-T	380075	0	T	C	0.281	1.688397e-01	1.529117e-01	-1.483864e+02	1.000000e-05	1.000000e-05	2.725662e-01	2.657509e-01	2.704691e-01
chr	freebayes-snp-chr-389711-C	389711	0	C	A	0.281	2.114972e-01	1.523004e-01	-1.480300e+02	1.000000e-05	1.000000e-05	1.684737e-01	1.624543e-01	1.683044e-01
chr	freebayes-snp-chr-390554-T	390554	0	T	C	0.236	1.221062e-01	1.624636e-01	-1.487176e+02	1.000000e-05	1.000000e-05	4.543254e-01	4.478816e-01	4.506631e-01
chr	freebayes-snp-chr-396019-C	396019	0	C	T	0.056	2.189025e-01	2.995932e-01	-1.487334e+02	1.000000e-05	1.000000e-05	4.669466e-01	4.605835e-01	4.632509e-01
chr	freebayes-snp-chr-398958-C	398958	0	C	T	0.146	3.930849e-03	1.959412e-01	-1.490054e+02	1.000000e-05	1.000000e-05	9.840404e-01	9.838115e-01	9.838580e-01
chr	freebayes-snp-chr-405270-C	405270	0	C	T	0.090	-3.120726e-02	2.419132e-01	-1.489971e+02	1.000000e-05	1.000000e-05	8.976539e-01	8.961946e-01	8.965007e-01
chr	freebayes-snp-chr-408502-C	408502	0	C	T	0.281	1.126019e-01	1.535058e-01	-1.487313e+02	1.000000e-05	1.000000e-05	4.652043e-01	4.588297e-01	4.615127e-01
chr	freebayes-snp-chr-411972-C	411972	0	C	T	0.337	1.068166e-01	1.459484e-01	-1.487325e+02	1.000000e-05	1.000000e-05	4.662093e-01	4.598414e-01	4.625154e-01
chr	freebayes-snp-chr-424736-T	424736	0	T	G	0.303	1.929377e-01	1.491098e-01	-1.481574e+02	1.000000e-05	1.000000e-05	1.991138e-01	1.927498e-01	1.982984e-01
chr	freebayes-snp-chr-425258-G	425258	0	G	A	0.348	1.477984e-01	1.443859e-01	-1.484729e+02	1.000000e-05	1.000000e-05	3.088457e-01	3.019613e-01	3.062597e-01
chr	freebayes-snp-chr-425414-A	425414	0	A	G	0.056	5.642421e-02	3.004540e-01	-1.489876e+02	1.000000e-05	1.000000e-05	8.514735e-01	8.493690e-01	8.498265e-01
chr	freebayes-snp-chr-425684-C	425684	0	C	G	0.124	1.273549e-01	2.098130e-01	-1.488176e+02	1.000000e-05	1.000000e-05	5.454367e-01	5.396903e-01	5.417164e-01
chr	freebayes-snp-chr-426119-G	426119	0	G	A	0.067	1.905441e-01	2.752213e-01	-1.487612e+02	1.000000e-05	1.000000e-05	4.905735e-01	4.843761e-01	4.868382e-01
chr	freebayes-snp-chr-429736-C	429736	0	C	G	0.101	7.839322e-02	2.293680e-01	-1.489459e+02	1.000000e-05	1.000000e-05	7.333412e-01	7.296663e-01	7.305873e-01
chr	freebayes-snp-chr-431724-C	431724	0	C	G	0.326	1.223606e-01	1.470694e-01	-1.486530e+02	1.000000e-05	1.000000e-05	4.076914e-01	4.010015e-01	4.042305e-01
chr	freebayes-snp-chr-432436-A	432436	0	A	G	0.101	-4.656287e-02	2.294685e-01	-1.489846e+02	1.000000e-05	1.000000e-05	8.396744e-01	8.374073e-01	8.379055e-01
chr	freebayes-snp-chr-432451-A	432451	0	A	G	0.360	1.353978e-01	1.434818e-01	-1.485525e+02	1.000000e-05	1.000000e-05	3.479577e-01	3.410898e-01	3.449483e-01
chr	freebayes-snp-chr-432604-T	432604	0	T	C	0.090	-2.276234e-02	2.419252e-01	-1.490011e+02	1.000000e-05	1.000000e-05	9.252553e-01	9.241868e-01	9.244075e-01
chr	freebayes-snp-chr-433528-A	433528	0	A	G	0.090	3.186553e-01	2.395180e-01	-1.481094e+02	1.000000e-05	1.000000e-05	1.868625e-01	1.806234e-01	1.862982e-01
chr	freebayes-snp-chr-434008-G	434008	0	G	C	0.112	2.602782e-01	2.173398e-01	-1.482781e+02	1.000000e-05	1.000000e-05	2.343398e-01	2.277009e-01	2.328610e-01
chr	freebayes-snp-chr-437882-C	437882	2	C	G	0.218	6.563394e-02	1.692706e-01	-1.489288e+02	1.000000e-05	1.000000e-05	6.991512e-01	6.950523e-01	6.961355e-01
chr	freebayes-snp-chr-448222-A	448222	0	A	G	0.079	1.333190e-01	2.566642e-01	-1.488679e+02	1.000000e-05	1.000000e-05	6.047803e-01	5.996114e-01	6.012278e-01
chr	freebayes-snp-chr-452433-C	452433	0	C	G	0.067	1.913651e-01	2.752164e-01	-1.487590e+02	1.000000e-05	1.000000e-05	4.887041e-01	4.824929e-01	4.849709e-01
chr	freebayes-snp-chr-452943-A	452943	0	A	C	0.135	9.793946e-02	2.023372e-01	-1.488860e+02	1.000000e-05	1.000000e-05	6.295731e-01	6.246691e-01	6.261321e-01
chr	freebayes-snp-chr-454540-C	454540	0	C	T	0.056	2.706320e-01	2.991097e-01	-1.485889e+02	1.000000e-05	1.000000e-05	3.680744e-01	3.612473e-01	3.648874e-01
chr	freebayes-snp-chr-455170-T	455170	0	T	C	0.315	1.781036e-01	1.478038e-01	-1.482691e+02	1.000000e-05	1.000000e-05	2.314708e-01	2.248500e-01	2.300426e-01
chr	freebayes-snp-chr-470961-C	470961	0	C	T	0.124	-8.159803e-02	2.100775e-01	-1.489285e+02	1.000000e-05	1.000000e-05	6.986551e-01	6.945502e-01	6.956358e-01
chr	freebayes-snp-chr-473008-G	473008	0	G	C	0.090	2.518791e-01	2.404276e-01	-1.484478e+02	1.000000e-05	1.000000e-05	2.977110e-01	2.908385e-01	2.952650e-01
chr	freebayes-snp-chr-477619-A	477619	0	A	G	0.067	2.224850e-01	2.749469e-01	-1.486720e+02	1.000000e-05	1.000000e-05	4.206119e-01	4.139816e-01	4.170826e-01
chr	freebayes-snp-chr-485050-G	485050	0	G	T	0.169	8.382976e-02	1.846407e-01	-1.489003e+02	1.000000e-05	1.000000e-05	6.509482e-01	6.462824e-01	6.476211e-01
chr	freebayes-snp-chr-485361-T	485361	0	T	G	0.056	1.557122e-01	3.000417e-01	-1.488681e+02	1.000000e-05	1.000000e-05	6.051004e-01	5.999349e-01	6.015492e-01
chr	freebayes-snp-chr-487519-C	487519	0	C	T	0.056	3.110681e-02	3.004893e-01	-1.490002e+02	1.000000e-05	1.000000e-05	9.177881e-01	9.166135e-01	9.168571e-01
chr	freebayes-snp-chr-487528-C	487528	0	C	T	0.090	2.193654e-01	2.407913e-01	-1.485831e+02	1.000000e-05	1.000000e-05	3.648027e-01	3.579676e-01	3.616428e-01
chr	freebayes-snp-chr-489083-A	489083	0	A	G	0.191	7.609101e-02	1.758548e-01	-1.489100e+02	1.000000e-05	1.000000e-05	6.663092e-01	6.618197e-01	6.630733e-01
chr	freebayes-snp-chr-489728-A	489728	0	A	G	0.247	1.469219e-01	1.596493e-01	-1.485746e+02	1.000000e-05	1.000000e-05	3.599718e-01	3.531258e-01	3.568531e-01
chr	freebayes-snp-chr-491240-G	491240	0	G	T	0.360	8.642781e-02	1.439164e-01	-1.488216e+02	1.000000e-05	1.000000e-05	5.497064e-01	5.439986e-01	5.459932e-01
chr	freebayes-snp-chr-492405-C	492405	0	C	A	0.056	1.687439e-01	2.999631e-01	-1.488441e+02	1.000000e-05	1.000000e-05	5.751890e-01	5.697216e-01	5.715345e-01
chr	freebayes-snp-chr-494376-C	494376	0	C	T	0.146	-1.780462e-02	1.959303e-01	-1.490014e+02	1.000000e-05	1.000000e-05	9.278030e-01	9.267707e-01	9.269837e-01
chr	freebayes-snp-chr-497963-A	497963	0	A	G	0.112	-1.124877e-01	2.187872e-01	-1.488706e+02	1.000000e-05	1.000000e-05	6.084562e-01	6.033258e-01	6.049188e-01
chr	freebayes-snp-chr-499987-C	499987	0	C	T	0.393	1.041114e-01	1.412354e-01	-1.487286e+02	1.000000e-05	1.000000e-05	4.630159e-01	4.566271e-01	4.593297e-01
chr	freebayes-snp-chr-500183-G	500183	0	G	C	0.382	1.152657e-01	1.418937e-01	-1.486694e+02	1.000000e-05	1.000000e-05	4.188148e-01	4.121758e-01	4.152944e-01
chr	freebayes-snp-chr-500930-T	500930	0	T	C	0.258	7.315143e-02	1.578871e-01	-1.488960e+02	1.000000e-05	1.000000e-05	6.442956e-01	6.395547e-01	6.409314e-01
chr	freebayes-snp-chr-501059-A	501059	3	A	C	0.233	1.149971e-01	1.661839e-01	-1.487614e+02	1.000000e-05	1.000000e-05	4.907883e-01	4.845924e-01	4.870527e-01
chr	freebayes-snp-chr-501424-T	501424	0	T	C	0.101	-9.734670e-02	2.292860e-01	-1.489135e+02	1.000000e-05	1.000000e-05	6.722023e-01	6.677816e-01	6.690035e-01
chr	freebayes-snp-chr-501683-G	501683	0	G	T	0.146	4.071002e-02	1.958902e-01	-1.489836e+02	1.000000e-05	1.000000e-05	8.358548e-01	8.335352e-01	8.340469e-01
chr	freebayes-snp-chr-501701-A	501701	0	A	C	0.124	-1.421741e-02	2.102531e-01	-1.490033e+02	1.000000e-05	1.000000e-05	9.462429e-01	9.454733e-01	9.456309e-01
chr	freebayes-snp-chr-502010-G	502010	0	G	C	0.292	1.629220e-01	1.511772e-01	-1.484155e+02	1.000000e-05	1.000000e-05	2.841516e-01	2.773046e-01	2.818881e-01
chr	freebayes-snp-chr-502856-T	502856	0	T	G	0.281	1.418348e-01	1.532257e-01	-1.485695e+02	1.000000e-05	1.000000e-05	3.571836e-01	3.503319e-01	3.540894e-01
chr	freebayes-snp-chr-504658-C	504658	0	C	A	0.180	9.581429e-02	1.799208e-01	-1.488608e+02	1.000000e-05	1.000000e-05	5.957124e-01	5.904500e-01	5.921250e-01
chr	freebayes-snp-chr-505170-G	505170	0	G	A	0.281	1.386689e-01	1.532590e-01	-1.485889e+02	1.000000e-05	1.000000e-05	3.680695e-01	3.612424e-01	3.648825e-01
chr	freebayes-snp-chr-505220-G	505220	0	G	A	0.303	1.671260e-01	1.494665e-01	-1.483707e+02	1.000000e-05	1.000000e-05	2.665809e-01	2.597858e-01	2.645735e-01
chr	freebayes-snp-chr-507810-T	507810	0	T	C	0.360	1.296781e-01	1.435432e-01	-1.485901e+02	1.000000e-05	1.000000e-05	3.688036e-01	3.619784e-01	3.656107e-01
chr	freebayes-snp-chr-509558-G	509558	0	G	A	0.135	8.709159e-02	2.023969e-01	-1.489110e+02	1.000000e-05	1.000000e-05	6.680408e-01	6.635715e-01	6.648157e-01
chr	freebayes-snp-chr-510029-C	510029	0	C	A	0.135	-1.195645e-02	2.026012e-01	-1.490039e+02	1.000000e-05	1.000000e-05	9.530757e-01	9.524037e-01	9.525410e-01
chr	freebayes-snp-chr-510903-G	510903	0	G	A	0.292	1.806244e-01	1.509435e-01	-1.482792e+02	1.000000e-05	1.000000e-05	2.346992e-01	2.280581e-01	2.332141e-01
chr	freebayes-snp-chr-510996-T	510996	0	T	A	0.202	2.245340e-01	1.705899e-01	-1.481282e+02	1.000000e-05	1.000000e-05	1.915573e-01	1.852684e-01	1.908956e-01
chr	freebayes-snp-chr-511056-A	511056	0	A	G	0.067	-4.782350e-02	2.759221e-01	-1.489903e+02	1.000000e-05	1.000000e-05	8.628006e-01	8.608532e-01	8.612723e-01
chr	freebayes-snp-chr-511080-A	511080	0	A	G	0.112	7.645206e-02	2.189699e-01	-1.489433e+02	1.000000e-05	1.000000e-05	7.278247e-01	7.240803e-01	7.250264e-01
chr	freebayes-snp-chr-511230-G	511230	0	G	A	0.427	6.879895e-02	1.397144e-01	-1.488818e+02	1.000000e-05	1.000000e-05	6.236589e-01	6.186906e-01	6.201893e-01
chr	freebayes-snp-chr-511326-A	511326	0	A	G	0.202	7.045923e-02	1.721157e-01	-1.489200e+02	1.000000e-05	1.000000e-05	6.832733e-01	6.789834e-01	6.801470e-01
chr	freebayes-snp-chr-511476-A	511476	0	A	G	0.146	-1.132062e-01	1.955624e-01	-1.488346e+02	1.000000e-05	1.000000e-05	5.641695e-01	5.585961e-01	5.604862e-01
chr	freebayes-snp-chr-511506-A	511506	0	A	G	0.404	4.118467e-02	1.409330e-01	-1.489620e+02	1.000000e-05	1.000000e-05	7.708075e-01	7.676149e-01	7.683742e-01
chr	freebayes-snp-chr-511521-A	511521	0	A	G	0.169	2.279636e-02	1.848445e-01	-1.489979e+02	1.000000e-05	1.000000e-05	9.021324e-01	9.007363e-01	9.010283e-01
chr	freebayes-snp-chr-514877-T	514877	0	T	C	0.382	1.238246e-01	1.418113e-01	-1.486174e+02	1.000000e-05	1.000000e-05	3.849771e-01	3.781997e-01	3.816611e-01
chr	freebayes-snp-chr-516040-G	516040	0	G	C	0.303	1.325872e-01	1.498640e-01	-1.486071e+02	1.000000e-05	1.000000e-05	3.787479e-01	3.719507e-01	3.754774e-01
chr	freebayes-snp-chr-520768-A	520768	0	A	G	0.067	2.114898e-01	2.750426e-01	-1.487042e+02	1.000000e-05	1.000000e-05	4.440145e-01	4.375091e-01	4.403860e-01
chr	freebayes-snp-chr-527290-A	527290	0	A	G	0.270	1.339527e-01	1.552781e-01	-1.486266e+02	1.000000e-05	1.000000e-05	3.906943e-01	3.839368e-01	3.873389e-01
chr	freebayes-snp-chr-528474-A	528474	0	A	G	0.079	-1.789234e-01	2.563376e-01	-1.487571e+02	1.000000e-05	1.000000e-05	4.870392e-01	4.808158e-01	4.833079e-01
chr	freebayes-snp-chr-538032-T	538032	0	T	C	0.135	1.565060e-02	2.026057e-01	-1.490026e+02	1.000000e-05	1.000000e-05	9.386048e-01	9.377262e-01	9.379066e-01
chr	freebayes-snp-chr-541781-G	541781	0	G	T	0.056	2.384239e-01	2.994236e-01	-1.486825e+02	1.000000e-05	1.000000e-05	4.280389e-01	4.214459e-01	4.244746e-01
chr	freebayes-snp-chr-545294-A	545294	0	A	G	0.337	1.175534e-01	1.458543e-01	-1.486746e+02	1.000000e-05	1.000000e-05	4.224610e-01	4.158397e-01	4.189226e-01
chr	freebayes-snp-chr-547462-G	547462	0	G	A	0.157	1.546015e-01	1.893455e-01	-1.486659e+02	1.000000e-05	1.000000e-05	4.164415e-01	4.097912e-01	4.129332e-01
chr	freebayes-snp-chr-555003-A	555003	0	A	G	0.169	8.833585e-02	1.846201e-01	-1.488887e+02	1.000000e-05	1.000000e-05	6.335134e-01	6.286527e-01	6.300922e-01
chr	freebayes-snp-chr-560888-A	560888	0	A	G	0.382	1.704863e-01	1.412537e-01	-1.482667e+02	1.000000e-05	1.000000e-05	2.307226e-01	2.241067e-01	2.293078e-01
chr	freebayes-snp-chr-560945-C	560945	0	C	T	0.236	3.755611e-02	1.629396e-01	-1.489785e+02	1.000000e-05	1.000000e-05	8.182514e-01	8.156918e-01	8.162668e-01
chr	freebayes-snp-chr-561922-T	561922	0	T	C	0.393	1.587481e-01	1.406504e-01	-1.483588e+02	1.000000e-05	1.000000e-05	2.621393e-01	2.553608e-01	2.602002e-01
chr	freebayes-snp-chr-562185-A	562185	0	A	C	0.360	8.493397e-02	1.439272e-01	-1.488279e+02	1.000000e-05	1.000000e-05	5.566414e-01	5.509974e-01	5.529414e-01
chr	freebayes-snp-chr-562460-G	562460	0	G	A	0.056	2.759447e-01	2.990491e-01	-1.485723e+02	1.000000e-05	1.000000e-05	3.586944e-01	3.518458e-01	3.555869e-01
chr	freebayes-snp-chr-563279-T	563279	0	T	C	0.225	1.133796e-01	1.653550e-01	-1.487658e+02	1.000000e-05	1.000000e-05	4.947420e-01	4.885756e-01	4.910026e-01
chr	freebayes-snp-chr-564755-A	564755	0	A	C	0.169	3.174590e-02	1.848287e-01	-1.489906e+02	1.000000e-05	1.000000e-05	8.640263e-01	8.620959e-01	8.625110e-01
chr	freebayes-snp-chr-566087-A	566087	0	A	G	0.303	1.846122e-01	1.492308e-01	-1.482297e+02	1.000000e-05	1.000000e-05	2.193818e-01	2.128453e-01	2.181739e-01
chr	freebayes-snp-chr-566909-A	566909	0	A	G	0.056	1.510978e-01	3.000751e-01	-1.488762e+02	1.000000e-05	1.000000e-05	6.158619e-01	6.108099e-01	6.123565e-01
chr	freebayes-snp-chr-568690-T	568690	0	T	C	0.191	9.547653e-02	1.757478e-01	-1.488549e+02	1.000000e-05	1.000000e-05	5.883409e-01	5.830038e-01	5.847275e-01
chr	freebayes-snp-chr-575225-G	575225	0	G	A	0.157	1.274773e-01	1.895782e-01	-1.487750e+02	1.000000e-05	1.000000e-05	5.030946e-01	4.969923e-01	4.993498e-01
chr	freebayes-snp-chr-575627-C	575627	0	C	T	0.258	1.660171e-01	1.570782e-01	-1.484379e+02	1.000000e-05	1.000000e-05	2.934799e-01	2.866141e-01	2.910895e-01
chr	freebayes-snp-chr-577480-G	577480	0	G	A	0.382	1.552547e-01	1.414556e-01	-1.483937e+02	1.000000e-05	1.000000e-05	2.754293e-01	2.686053e-01	2.732902e-01
chr	freebayes-snp-chr-586326-C	586326	0	C	G	0.281	1.936953e-01	1.525724e-01	-1.481888e+02	1.000000e-05	1.000000e-05	2.076374e-01	2.011958e-01	2.066534e-01
chr	freebayes-snp-chr-586359-A	586359	0	A	G	0.146	1.834461e-01	1.949377e-01	-1.485550e+02	1.000000e-05	1.000000e-05	3.492849e-01	3.424190e-01	3.462629e-01
chr	freebayes-snp-chr-587839-C	587839	0	C	T	0.157	1.196680e-01	1.896359e-01	-1.488024e+02	1.000000e-05	1.000000e-05	5.296684e-01	5.237835e-01	5.259291e-01
chr	freebayes-snp-chr-590586-G	590586	0	G	A	0.393	1.436775e-01	1.408367e-01	-1.484765e+02	1.000000e-05	1.000000e-05	3.104760e-01	3.035905e-01	3.078702e-01
chr	freebayes-snp-chr-596286-G	596286	0	G	C	0.112	6.532234e-02	2.190097e-01	-1.489602e+02	1.000000e-05	1.000000e-05	7.662141e-01	7.629615e-01	7.637397e-01
chr	freebayes-snp-chr-606529-T	606529	0	T	C	0.056	3.457785e-01	2.982139e-01	-1.483232e+02	1.000000e-05	1.000000e-05	2.494255e-01	2.427031e-01	2.476899e-01
chr	freebayes-snp-chr-606925-T	606925	0	T	C	0.079	1.323927e-01	2.566644e-01	-1.488698e+02	1.000000e-05	1.000000e-05	6.072885e-01	6.021458e-01	6.037462e-01
chr	freebayes-snp-chr-614984-A	614984	0	A	G	0.258	1.881179e-01	1.567917e-01	-1.482754e+02	1.000000e-05	1.000000e-05	2.334760e-01	2.268425e-01	2.320123e-01
chr	freebayes-snp-chr-621599-C	621599	0	C	T	0.056	2.374505e-01	2.994308e-01	-1.486851e+02	1.000000e-05	1.000000e-05	4.299315e-01	4.233483e-01	4.263589e-01
chr	freebayes-snp-chr-632172-T	632172	0	T	C	0.135	7.332743e-02	2.024593e-01	-1.489386e+02	1.000000e-05	1.000000e-05	7.180932e-01	7.142271e-01	7.152186e-01
chr	freebayes-snp-chr-633145-G	633145	0	G	T	0.337	9.705953e-02	1.460277e-01	-1.487803e+02	1.000000e-05	1.000000e-05	5.080227e-01	5.019591e-01	5.042764e-01
chr	freebayes-snp-chr-638236-G	638236	0	G	A	0.225	9.915140e-02	1.654578e-01	-1.488223e+02	1.000000e-05	1.000000e-05	5.505604e-01	5.448604e-01	5.468487e-01
chr	freebayes-snp-chr-639453-A	639453	0	A	C	0.124	4.781786e-02	2.101978e-01	-1.489792e+02	1.000000e-05	1.000000e-05	8.205766e-01	8.180486e-01	8.186151e-01
chr	freebayes-snp-chr-639778-C	639778	0	C	T	0.258	1.606159e-01	1.571428e-01	-1.484745e+02	1.000000e-05	1.000000e-05	3.095668e-01	3.026818e-01	3.069720e-01
chr	freebayes-snp-chr-641910-T	641910	0	T	A	0.146	9.182642e-02	1.956943e-01	-1.488932e+02	1.000000e-05	1.000000e-05	6.400762e-01	6.352882e-01	6.366892e-01
chr	freebayes-snp-chr-647334-T	647334	0	T	C	0.135	1.185065e-01	2.022145e-01	-1.488303e+02	1.000000e-05	1.000000e-05	5.593637e-01	5.537451e-01	5.556694e-01
chr	freebayes-snp-chr-656557-A	656557	0	A	C	0.371	1.156088e-01	1.427389e-01	-1.486714e+02	1.000000e-05	1.000000e-05	4.201889e-01	4.135565e-01	4.166616e-01
chr	freebayes-snp-chr-658115-C	658115	0	C	T	0.270	2.054427e-01	1.543773e-01	-1.481089e+02	1.000000e-05	1.000000e-05	1.867377e-01	1.804999e-01	1.861760e-01
chr	freebayes-snp-chr-658209-A	658209	0	A	T	0.371	1.628256e-01	1.422087e-01	-1.483401e+02	1.000000e-05	1.000000e-05	2.553589e-01	2.486088e-01	2.535269e-01
chr	freebayes-snp-chr-663925-C	663925	0	C	T	0.292	1.777381e-01	1.509849e-01	-1.483024e+02	1.000000e-05	1.000000e-05	2.423297e-01	2.356443e-01	2.407128e-01
chr	freebayes-snp-chr-665326-A	665326	0	A	C	0.382	1.508695e-01	1.415100e-01	-1.484280e+02	1.000000e-05	1.000000e-05	2.893099e-01	2.824518e-01	2.869754e-01
chr	freebayes-snp-chr-675207-C	675207	0	G	C	0.202	8.969255e-03	1.722690e-01	-1.490043e+02	1.000000e-05	1.000000e-05	9.585960e-01	9.580028e-01	9.581238e-01
chr	freebayes-snp-chr-676589-T	676589	0	T	C	0.360	1.274241e-01	1.435665e-01	-1.486045e+02	1.000000e-05	1.000000e-05	3.772240e-01	3.704221e-01	3.739649e-01
chr	freebayes-snp-chr-678301-G	678301	0	G	A	0.281	1.885705e-01	1.526460e-01	-1.482318e+02	1.000000e-05	1.000000e-05	2.200278e-01	2.134865e-01	2.188079e-01
chr	freebayes-snp-chr-679847-T	679847	0	T	C	0.157	7.633158e-02	1.898941e-01	-1.489231e+02	1.000000e-05	1.000000e-05	6.886926e-01	6.844674e-01	6.856032e-01
chr	freebayes-snp-chr-681288-A	681288	0	A	G	0.146	5.787228e-02	1.958426e-01	-1.489610e+02	1.000000e-05	1.000000e-05	7.683130e-01	7.650878e-01	7.658574e-01
chr	freebayes-snp-chr-681936-G	681936	0	G	A	0.360	1.229287e-01	1.436115e-01	-1.486324e+02	1.000000e-05	1.000000e-05	3.943597e-01	3.876157e-01	3.909800e-01
chr	freebayes-snp-chr-682632-A	682632	0	A	G	0.135	8.220065e-02	2.024206e-01	-1.489214e+02	1.000000e-05	1.000000e-05	6.856748e-01	6.814135e-01	6.825648e-01
chr	freebayes-snp-chr-684880-G	684880	0	G	A	0.067	2.703877e-01	2.744498e-01	-1.485119e+02	1.000000e-05	1.000000e-05	3.272583e-01	3.203708e-01	3.244598e-01
chr	freebayes-snp-chr-685212-C	685212	0	C	T	0.124	1.008507e-01	2.099814e-01	-1.488878e+02	1.000000e-05	1.000000e-05	6.322309e-01	6.273560e-01	6.288032e-01
chr	freebayes-snp-chr-685222-G	685222	0	G	A	0.169	1.036717e-01	1.845282e-01	-1.488445e+02	1.000000e-05	1.000000e-05	5.756829e-01	5.702203e-01	5.720298e-01
chr	freebayes-snp-chr-685530-A	685530	0	A	G	0.247	1.781504e-01	1.592849e-01	-1.483704e+02	1.000000e-05	1.000000e-05	2.664583e-01	2.596635e-01	2.644527e-01
chr	freebayes-snp-chr-693535-C	693535	0	C	G	0.067	2.362092e-01	2.748125e-01	-1.486294e+02	1.000000e-05	1.000000e-05	3.924112e-01	3.856600e-01	3.890443e-01
chr	freebayes-snp-chr-695477-C	695477	0	C	G	0.124	3.826232e-02	2.102198e-01	-1.489887e+02	1.000000e-05	1.000000e-05	8.559975e-01	8.539556e-01	8.543977e-01
chr	freebayes-snp-chr-696386-T	696386	0	T	C	0.112	-2.133091e-02	2.191140e-01	-1.490008e+02	1.000000e-05	1.000000e-05	9.226718e-01	9.215665e-01	9.217951e-01
chr	freebayes-snp-chr-696443-A	696443	0	A	G	0.135	7.819443e-02	2.024426e-01	-1.489294e+02	1.000000e-05	1.000000e-05	7.002510e-01	6.961654e-01	6.972431e-01
chr	freebayes-snp-chr-697234-A	697234	0	A	G	0.090	-5.937098e-02	2.418573e-01	-1.489748e+02	1.000000e-05	1.000000e-05	8.066634e-01	8.039472e-01	8.045654e-01
chr	freebayes-snp-chr-697320-G	697320	0	G	A	0.315	6.907757e-02	1.488482e-01	-1.488956e+02	1.000000e-05	1.000000e-05	6.437490e-01	6.390020e-01	6.403817e-01
chr	freebayes-snp-chr-698592-G	698592	0	G	A	0.348	1.172511e-01	1.447110e-01	-1.486711e+02	1.000000e-05	1.000000e-05	4.200110e-01	4.133777e-01	4.164846e-01
chr	freebayes-snp-chr-698967-A	698967	0	A	G	0.056	3.247757e-01	2.984873e-01	-1.484042e+02	1.000000e-05	1.000000e-05	2.795684e-01	2.727328e-01	2.773695e-01
chr	freebayes-snp-chr-702046-T	702046	0	T	C	0.079	-9.750424e-02	2.568515e-01	-1.489320e+02	1.000000e-05	1.000000e-05	7.051576e-01	7.011319e-01	7.021855e-01
chr	freebayes-snp-chr-707050-T	707050	0	T	C	0.090	1.929394e-02	2.419345e-01	-1.490024e+02	1.000000e-05	1.000000e-05	9.366203e-01	9.357135e-01	9.358999e-01
chr	freebayes-snp-chr-709992-T	709992	0	T	G	0.303	6.002832e-02	1.504006e-01	-1.489242e+02	1.000000e-05	1.000000e-05	6.907806e-01	6.865805e-01	6.877057e-01
chr	freebayes-snp-chr-715189-G	715189	0	G	A	0.315	9.892652e-02	1.486549e-01	-1.487797e+02	1.000000e-05	1.000000e-05	5.075053e-01	5.014376e-01	5.037591e-01
chr	freebayes-snp-chr-716814-T	716814	0	T	C	0.067	-9.114342e-02	2.758080e-01	-1.489498e+02	1.000000e-05	1.000000e-05	7.418472e-01	7.382802e-01	7.391631e-01
chr	freebayes-snp-chr-719812-C	719812	0	C	G	0.292	6.780556e-02	1.520094e-01	-1.489040e+02	1.000000e-05	1.000000e-05	6.566609e-01	6.520602e-01	6.533668e-01
chr	freebayes-snp-chr-722871-T	722871	0	T	C	0.292	3.501758e-02	1.521370e-01	-1.489786e+02	1.000000e-05	1.000000e-05	8.184990e-01	8.159427e-01	8.165168e-01
chr	freebayes-snp-chr-723567-C	723567	0	C	T	0.247	1.666011e-01	1.594286e-01	-1.484506e+02	1.000000e-05	1.000000e-05	2.989230e-01	2.920488e-01	2.964613e-01
chr	freebayes-snp-chr-727075-G	727075	0	G	A	0.079	2.657789e-01	2.554755e-01	-1.484555e+02	1.000000e-05	1.000000e-05	3.010690e-01	2.941921e-01	2.985798e-01
chr	freebayes-snp-chr-732489-G	732489	0	G	A	0.315	6.748212e-02	1.488572e-01	-1.489007e+02	1.000000e-05	1.000000e-05	6.514366e-01	6.467763e-01	6.481122e-01
chr	freebayes-snp-chr-734911-G	734911	0	G	A	0.079	1.530150e-02	2.570569e-01	-1.490038e+02	1.000000e-05	1.000000e-05	9.526699e-01	9.519920e-01	9.521306e-01
chr	freebayes-snp-chr-736140-A	736140	0	A	C	0.090	-6.357867e-02	2.418477e-01	-1.489703e+02	1.000000e-05	1.000000e-05	7.932590e-01	7.903632e-01	7.910326e-01
chr	freebayes-snp-chr-737551-T	737551	0	T	G	0.056	3.052535e-01	2.987224e-01	-1.484747e+02	1.000000e-05	1.000000e-05	3.096786e-01	3.027936e-01	3.070824e-01
chr	freebayes-snp-chr-737818-C	737818	0	C	G	0.281	1.779309e-01	1.527929e-01	-1.483174e+02	1.000000e-05	1.000000e-05	2.473956e-01	2.406833e-01	2.456935e-01
chr	freebayes-snp-chr-740726-C	740726	0	C	T	0.056	3.653012e-01	2.979480e-01	-1.482433e+02	1.000000e-05	1.000000e-05	2.234855e-01	2.169189e-01	2.222017e-01
chr	freebayes-snp-chr-741955-C	741955	0	C	G	0.056	2.253884e-01	2.995356e-01	-1.487170e+02	1.000000e-05	1.000000e-05	4.538059e-01	4.473590e-01	4.501452e-01
chr	freebayes-snp-chr-745893-A	745893	0	A	G	0.090	6.745006e-02	2.418323e-01	-1.489659e+02	1.000000e-05	1.000000e-05	7.809738e-01	7.779149e-01	7.786329e-01
chr	freebayes-snp-chr-748767-A	748767	0	A	C	0.101	3.462822e-02	2.294956e-01	-1.489940e+02	1.000000e-05	1.000000e-05	8.804130e-01	8.787114e-01	8.790726e-01
chr	freebayes-snp-chr-755239-T	755239	0	T	C	0.281	1.912797e-01	1.526062e-01	-1.482092e+02	1.000000e-05	1.000000e-05	2.134108e-01	2.069209e-01	2.123155e-01
chr	freebayes-snp-chr-757129-C	757129	0	C	T	0.348	1.376538e-01	1.445044e-01	-1.485439e+02	1.000000e-05	1.000000e-05	3.434357e-01	3.365615e-01	3.404699e-01
chr	freebayes-snp-chr-758233-G	758233	0	G	T	0.315	1.171982e-01	1.485014e-01	-1.486882e+02	1.000000e-05	1.000000e-05	4.321374e-01	4.255659e-01	4.285553e-01
chr	freebayes-snp-chr-759529-C	759529	0	C	T	0.360	1.253974e-01	1.435896e-01	-1.486173e+02	1.000000e-05	1.000000e-05	3.849014e-01	3.781238e-01	3.815860e-01
chr	freebayes-snp-chr-763760-T	763760	0	T	C	0.067	3.440373e-01	2.735013e-01	-1.482036e+02	1.000000e-05	1.000000e-05	2.117937e-01	2.053170e-01	2.107294e-01
chr	freebayes-snp-chr-763904-G	763904	0	G	A	0.124	1.060927e-01	2.099559e-01	-1.488752e+02	1.000000e-05	1.000000e-05	6.146191e-01	6.095538e-01	6.111082e-01
chr	freebayes-snp-chr-764624-A	764624	0	A	G	0.090	-8.465505e-02	2.417571e-01	-1.489430e+02	1.000000e-05	1.000000e-05	7.270607e-01	7.233066e-01	7.242563e-01
chr	freebayes-snp-chr-766670-C	766670	0	C	A	0.056	3.981950e-01	2.974572e-01	-1.480984e+02	1.000000e-05	1.000000e-05	1.841680e-01	1.779586e-01	1.836602e-01
chr	freebayes-snp-chr-766898-T	766898	0	T	C	0.247	6.364486e-02	1.602800e-01	-1.489251e+02	1.000000e-05	1.000000e-05	6.922770e-01	6.880948e-01	6.892124e-01
chr	freebayes-snp-chr-767009-C	767009	0	C	G	0.326	1.089639e-01	1.471929e-01	-1.487262e+02	1.000000e-05	1.000000e-05	4.611236e-01	4.547226e-01	4.574423e-01
chr	freebayes-snp-chr-769798-A	769798	0	A	G	0.112	1.286116e-01	2.186897e-01	-1.488291e+02	1.000000e-05	1.000000e-05	5.579881e-01	5.523567e-01	5.542909e-01
chr	freebayes-snp-chr-771011-C	771011	0	C	G	0.079	-1.910594e-01	2.562470e-01	-1.487222e+02	1.000000e-05	1.000000e-05	4.579151e-01	4.514937e-01	4.542424e-01
chr	freebayes-snp-chr-771695-T	771695	0	T	C	0.326	1.042513e-01	1.472319e-01	-1.487499e+02	1.000000e-05	1.000000e-05	4.807913e-01	4.745230e-01	4.770688e-01
chr	freebayes-snp-chr-777758-A	777758	0	A	T	0.056	4.331047e-01	2.969012e-01	-1.479303e+02	1.000000e-05	1.000000e-05	1.482348e-01	1.425072e-01	1.485228e-01
chr	freebayes-snp-chr-778422-G	778422	0	G	C	0.112	1.817127e-02	2.191142e-01	-1.490021e+02	1.000000e-05	1.000000e-05	9.340972e-01	9.331544e-01	9.333484e-01
chr	freebayes-snp-chr-778692-G	778692	0	G	C	0.124	9.653583e-02	2.100075e-01	-1.488977e+02	1.000000e-05	1.000000e-05	6.468941e-01	6.421824e-01	6.435441e-01
chr	freebayes-snp-chr-784149-A	784149	0	A	G	0.337	9.650849e-02	1.460334e-01	-1.487828e+02	1.000000e-05	1.000000e-05	5.104446e-01	5.044003e-01	5.066979e-01
chr	freebayes-snp-chr-790844-C	790844	0	C	G	0.360	1.050337e-01	1.437751e-01	-1.487335e+02	1.000000e-05	1.000000e-05	4.670219e-01	4.606593e-01	4.633260e-01
chr	freebayes-snp-chr-791770-G	791770	0	G	A	0.079	-3.906422e-02	2.570320e-01	-1.489938e+02	1.000000e-05	1.000000e-05	8.795531e-01	8.778394e-01	8.782034e-01
chr	freebayes-snp-chr-795203-C	795203	0	C	G	0.348	1.330928e-01	1.445532e-01	-1.485741e+02	1.000000e-05	1.000000e-05	3.597433e-01	3.528969e-01	3.566266e-01
chr	freebayes-snp-chr-803413-T	803413	0	T	C	0.067	-1.989743e-01	2.751557e-01	-1.487390e+02	1.000000e-05	1.000000e-05	4.715376e-01	4.652052e-01	4.678319e-01
chr	freebayes-snp-chr-811074-A	811074	0	A	C	0.056	-1.912231e-01	2.998172e-01	-1.487981e+02	1.000000e-05	1.000000e-05	5.252797e-01	5.193574e-01	5.215372e-01
chr	freebayes-snp-chr-812590-C	812590	0	C	T	0.337	1.458065e-01	1.455627e-01	-1.484954e+02	1.000000e-05	1.000000e-05	3.192785e-01	3.123899e-01	3.165692e-01
chr	freebayes-snp-chr-813781-G	813781	0	G	A	0.101	4.601530e-02	2.294737e-01	-1.489851e+02	1.000000e-05	1.000000e-05	8.415377e-01	8.392963e-01	8.397880e-01
chr	freebayes-snp-chr-819368-C	819368	0	C	A	0.067	2.638283e-03	2.759762e-01	-1.490056e+02	1.000000e-05	1.000000e-05	9.923944e-01	9.922853e-01	9.923075e-01
chr	freebayes-snp-chr-820623-T	820623	0	T	C	0.101	5.615326e-02	2.294456e-01	-1.489750e+02	1.000000e-05	1.000000e-05	8.072383e-01	8.045298e-01	8.051458e-01
chr	freebayes-snp-chr-820713-A	820713	0	A	G	0.067	-1.678508e-01	2.753918e-01	-1.488160e+02	1.000000e-05	1.000000e-05	5.437828e-01	5.380216e-01	5.400600e-01
chr	freebayes-snp-chr-828457-G	828457	0	G	C	0.292	9.632103e-02	1.518317e-01	-1.488003e+02	1.000000e-05	1.000000e-05	5.274888e-01	5.215853e-01	5.237478e-01
chr	freebayes-snp-chr-831514-C	831514	0	C	T	0.079	2.387783e-01	2.557813e-01	-1.485621e+02	1.000000e-05	1.000000e-05	3.531326e-01	3.462732e-01	3.500749e-01
chr	freebayes-snp-chr-832277-A	832277	0	A	G	0.067	3.129165e-01	2.739302e-01	-1.483432e+02	1.000000e-05	1.000000e-05	2.564542e-01	2.496993e-01	2.546047e-01
chr	freebayes-snp-chr-834341-G	834341	0	G	A	0.090	9.136613e-02	2.417406e-01	-1.489326e+02	1.000000e-05	1.000000e-05	7.063875e-01	7.023769e-01	7.034245e-01
chr	freebayes-snp-chr-835574-T	835574	0	T	C	0.337	1.234476e-01	1.457977e-01	-1.486405e+02	1.000000e-05	1.000000e-05	3.994829e-01	3.927588e-01	3.960708e-01
chr	freebayes-snp-chr-837024-A	837024	0	A	C	0.112	7.852732e-02	2.189570e-01	-1.489399e+02	1.000000e-05	1.000000e-05	7.207313e-01	7.168980e-01	7.178771e-01
chr	freebayes-snp-chr-847474-A	847474	0	A	G	0.236	1.281883e-01	1.624089e-01	-1.486881e+02	1.000000e-05	1.000000e-05	4.320862e-01	4.255145e-01	4.285043e-01
chr	freebayes-snp-chr-848503-A	848503	0	A	G	0.348	5.979500e-02	1.451127e-01	-1.489189e+02	1.000000e-05	1.000000e-05	6.813097e-01	6.769965e-01	6.781703e-01
chr	freebayes-snp-chr-852499-G	852499	0	G	C	0.371	4.630372e-02	1.431897e-01	-1.489522e+02	1.000000e-05	1.000000e-05	7.471885e-01	7.436899e-01	7.445493e-01
chr	freebayes-snp-chr-856175-G	856175	0	G	A	0.247	1.226808e-01	1.598852e-01	-1.487055e+02	1.000000e-05	1.000000e-05	4.449771e-01	4.384773e-01	4.413452e-01
chr	freebayes-snp-chr-858622-C	858622	0	C	A	0.124	3.873777e-02	2.102193e-01	-1.489883e+02	1.000000e-05	1.000000e-05	8.542281e-01	8.521617e-01	8.526098e-01
chr	freebayes-snp-chr-860449-T	860449	0	T	C	0.079	-1.079851e-01	2.567999e-01	-1.489153e+02	1.000000e-05	1.000000e-05	6.751550e-01	6.707689e-01	6.719751e-01
chr	freebayes-snp-chr-860521-G	860521	0	G	A	0.090	-1.246278e-01	2.415691e-01	-1.488697e+02	1.000000e-05	1.000000e-05	6.072264e-01	6.020831e-01	6.036839e-01
chr	freebayes-snp-chr-861576-T	861576	0	T	C	0.090	1.909895e-01	2.410734e-01	-1.486858e+02	1.000000e-05	1.000000e-05	4.303720e-01	4.237911e-01	4.267975e-01
chr	freebayes-snp-chr-862033-A	862033	0	A	G	0.101	-5.684197e-03	2.295234e-01	-1.490053e+02	1.000000e-05	1.000000e-05	9.802989e-01	9.800165e-01	9.800739e-01
chr	freebayes-snp-chr-862891-G	862891	0	G	T	0.348	4.931913e-02	1.451564e-01	-1.489466e+02	1.000000e-05	1.000000e-05	7.348521e-01	7.311963e-01	7.321104e-01
chr	freebayes-snp-chr-863624-A	863624	0	A	T	0.337	7.547373e-02	1.461739e-01	-1.488695e+02	1.000000e-05	1.000000e-05	6.069351e-01	6.017887e-01	6.033914e-01
chr	freebayes-snp-chr-863830-A	863830	0	A	G	0.056	2.015243e-01	2.997347e-01	-1.487750e+02	1.000000e-05	1.000000e-05	5.031476e-01	4.970456e-01	4.994028e-01
chr	freebayes-snp-chr-865921-T	865921	0	T	C	0.180	1.878015e-02	1.802032e-01	-1.490001e+02	1.000000e-05	1.000000e-05	9.172374e-01	9.160550e-01	9.163003e-01
chr	freebayes-snp-chr-866869-T	866869	0	T	C	0.079	7.233957e-02	2.569410e-01	-1.489651e+02	1.000000e-05	1.000000e-05	7.789636e-01	7.758782e-01	7.766043e-01
chr	freebayes-snp-chr-866970-A	866970	0	A	C	0.079	5.416485e-02	2.569952e-01	-1.489829e+02	1.000000e-05	1.000000e-05	8.335658e-01	8.312149e-01	8.317347e-01
chr	freebayes-snp-chr-868830-G	868830	0	G	C	0.056	-6.380753e-02	3.004314e-01	-1.489826e+02	1.000000e-05	1.000000e-05	8.323025e-01	8.299343e-01	8.304586e-01
chr	freebayes-snp-chr-869072-A	869072	0	A	G	0.157	-2.942390e-02	1.900435e-01	-1.489934e+02	1.000000e-05	1.000000e-05	8.773162e-01	8.755712e-01	8.759424e-01
chr	freebayes-snp-chr-871779-T	871779	0	T	G	0.056	6.041446e-02	3.004398e-01	-1.489850e+02	1.000000e-05	1.000000e-05	8.411001e-01	8.388526e-01	8.393459e-01
chr	freebayes-snp-chr-873043-G	873043	0	G	A	0.056	1.105716e-01	3.002786e-01	-1.489363e+02	1.000000e-05	1.000000e-05	7.135963e-01	7.096744e-01	7.106873e-01
chr	freebayes-snp-chr-877649-A	877649	0	A	G	0.348	7.563660e-02	1.450276e-01	-1.488667e+02	1.000000e-05	1.000000e-05	6.033211e-01	5.981370e-01	5.997628e-01
chr	freebayes-snp-chr-877691-A	877691	0	A	G	0.146	3.788476e-02	1.959004e-01	-1.489865e+02	1.000000e-05	1.000000e-05	8.471060e-01	8.449412e-01	8.454137e-01
chr	freebayes-snp-chr-877769-A	877769	0	A	G	0.247	7.193702e-02	1.602401e-01	-1.489027e+02	1.000000e-05	1.000000e-05	6.545965e-01	6.499722e-01	6.512903e-01
chr	freebayes-snp-chr-877943-C	877943	0	C	T	0.393	7.591092e-02	1.414423e-01	-1.488586e+02	1.000000e-05	1.000000e-05	5.928504e-01	5.875588e-01	5.892526e-01
chr	freebayes-snp-chr-878891-A	878891	0	A	G	0.135	6.082920e-02	2.025090e-01	-1.489595e+02	1.000000e-05	1.000000e-05	7.646057e-01	7.613321e-01	7.621170e-01
chr	freebayes-snp-chr-879104-C	879104	0	C	T	0.169	-1.170419e-02	1.848578e-01	-1.490036e+02	1.000000e-05	1.000000e-05	9.496613e-01	9.489404e-01	9.490879e-01
chr	freebayes-snp-chr-893948-C	893948	0	C	G	0.348	4.351614e-02	1.451784e-01	-1.489597e+02	1.000000e-05	1.000000e-05	7.650885e-01	7.618212e-01	7.626042e-01
chr	freebayes-snp-chr-897299-C	897299	0	C	A	0.258	5.748155e-02	1.579630e-01	-1.489380e+02	1.000000e-05	1.000000e-05	7.168211e-01	7.129393e-01	7.139367e-01
chr	freebayes-snp-chr-897489-G	897489	0	G	A	0.247	6.637449e-02	1.602678e-01	-1.489180e+02	1.000000e-05	1.000000e-05	6.797855e-01	6.754542e-01	6.766360e-01
chr	freebayes-snp-chr-898604-C	898604	0	C	T	0.146	4.618345e-02	1.958808e-01	-1.489772e+02	1.000000e-05	1.000000e-05	8.141627e-01	8.115477e-01	8.121378e-01
chr	freebayes-snp-chr-902419-G	902419	0	A	G	0.101	-2.721006e-02	2.295082e-01	-1.489985e+02	1.000000e-05	1.000000e-05	9.058988e-01	9.045558e-01	9.048361e-01
chr	freebayes-snp-chr-904827-C	904827	0	C	G	0.056	1.687439e-01	2.999631e-01	-1.488441e+02	1.000000e-05	1.000000e-05	5.751890e-01	5.697216e-01	5.715345e-01
chr	freebayes-snp-chr-906819-A	906819	0	A	G	0.067	4.743116e-02	2.759281e-01	-1.489905e+02	1.000000e-05	1.000000e-05	8.639179e-01	8.619860e-01	8.624014e-01
chr	freebayes-snp-chr-908108-T	908108	0	T	C	0.146	-2.056378e-02	1.959287e-01	-1.490000e+02	1.000000e-05	1.000000e-05	9.166528e-01	9.154621e-01	9.157091e-01
chr	freebayes-snp-chr-908635-T	908635	0	T	C	0.371	7.367027e-02	1.430580e-01	-1.488702e+02	1.000000e-05	1.000000e-05	6.078815e-01	6.027451e-01	6.043417e-01
chr	freebayes-snp-chr-909518-G	909518	0	G	A	0.169	3.631807e-03	1.848614e-01	-1.490055e+02	1.000000e-05	1.000000e-05	9.843707e-01	9.841466e-01	9.841921e-01
chr	freebayes-snp-chr-910852-G	910852	0	G	A	0.146	3.379038e-02	1.959072e-01	-1.489904e+02	1.000000e-05	1.000000e-05	8.634596e-01	8.615213e-01	8.619383e-01
chr	freebayes-snp-chr-914149-T	914149	0	T	C	0.360	1.009817e-01	1.438091e-01	-1.487542e+02	1.000000e-05	1.000000e-05	4.844333e-01	4.781911e-01	4.807055e-01
chr	freebayes-snp-chr-914526-A	914526	0	A	G	0.135	3.000582e-02	2.025894e-01	-1.489944e+02	1.000000e-05	1.000000e-05	8.825975e-01	8.809265e-01	8.812807e-01
chr	freebayes-snp-chr-914981-G	914981	0	G	A	0.135	2.113254e-02	2.026014e-01	-1.490001e+02	1.000000e-05	1.000000e-05	9.171666e-01	9.159832e-01	9.162287e-01
chr	freebayes-snp-chr-916218-T	916218	0	T	C	0.258	1.288423e-01	1.574792e-01	-1.486646e+02	1.000000e-05	1.000000e-05	4.155043e-01	4.088496e-01	4.120009e-01
chr	freebayes-snp-chr-919312-C	919312	0	C	T	0.236	9.641780e-02	1.626621e-01	-1.488263e+02	1.000000e-05	1.000000e-05	5.548868e-01	5.492266e-01	5.511832e-01
chr	freebayes-snp-chr-923102-G	923102	0	G	A	0.371	8.950961e-02	1.429553e-01	-1.488056e+02	1.000000e-05	1.000000e-05	5.328644e-01	5.270070e-01	5.291281e-01
chr	freebayes-snp-chr-927468-A	927468	0	A	G	0.213	1.480773e-01	1.681397e-01	-1.486107e+02	1.000000e-05	1.000000e-05	3.809175e-01	3.741270e-01	3.776309e-01
chr	freebayes-snp-chr-928752-A	928752	0	A	G	0.090	-1.845715e-01	2.411287e-01	-1.487070e+02	1.000000e-05	1.000000e-05	4.460763e-01	4.395829e-01	4.424406e-01
chr	freebayes-snp-chr-930301-T	930301	0	T	C	0.146	9.057626e-03	1.959410e-01	-1.490046e+02	1.000000e-05	1.000000e-05	9.632358e-01	9.627090e-01	9.628164e-01
chr	freebayes-snp-chr-930946-C	930946	0	C	G	0.360	7.278647e-02	1.440051e-01	-1.488752e+02	1.000000e-05	1.000000e-05	6.145255e-01	6.094592e-01	6.110141e-01
chr	freebayes-snp-chr-931195-G	931195	0	G	C	0.067	-2.514175e-01	2.746581e-01	-1.485791e+02	1.000000e-05	1.000000e-05	3.625205e-01	3.556802e-01	3.593799e-01
chr	freebayes-snp-chr-931297-G	931297	0	G	A	0.101	-1.195734e-01	2.291655e-01	-1.488666e+02	1.000000e-05	1.000000e-05	6.031510e-01	5.979652e-01	5.995920e-01
chr	freebayes-snp-chr-931419-C	931419	0	C	T	0.090	-8.061313e-02	2.417865e-01	-1.489488e+02	1.000000e-05	1.000000e-05	7.396298e-01	7.360346e-01	7.369274e-01
chr	freebayes-snp-chr-931599-C	931599	0	C	A	0.090	-3.865860e-02	2.419059e-01	-1.489926e+02	1.000000e-05	1.000000e-05	8.734024e-01	8.716027e-01	8.719868e-01
chr	freebayes-snp-chr-931650-A	931650	0	A	G	0.124	1.024147e-01	2.099747e-01	-1.488841e+02	1.000000e-05	1.000000e-05	6.269555e-01	6.220230e-01	6.235017e-01
chr	freebayes-snp-chr-931691-A	931691	0	A	G	0.258	1.116248e-01	1.576295e-01	-1.487499e+02	1.000000e-05	1.000000e-05	4.807471e-01	4.744786e-01	4.770247e-01
chr	freebayes-snp-chr-931877-G	931877	0	G	A	0.067	-9.461672e-02	2.757946e-01	-1.489455e+02	1.000000e-05	1.000000e-05	7.323737e-01	7.286866e-01	7.296119e-01
chr	freebayes-snp-chr-932060-A	932060	0	A	G	0.393	7.711684e-02	1.414351e-01	-1.488538e+02	1.000000e-05	1.000000e-05	5.869798e-01	5.816290e-01	5.833618e-01
chr	freebayes-snp-chr-932318-A	932318	0	A	C	0.056	-1.912231e-01	2.998172e-01	-1.487981e+02	1.000000e-05	1.000000e-05	5.252797e-01	5.193574e-01	5.215372e-01
chr	freebayes-snp-chr-932981-C	932981	0	C	G	0.112	-2.421488e-02	2.191098e-01	-1.489994e+02	1.000000e-05	1.000000e-05	9.122557e-01	9.110026e-01	9.112632e-01
chr	freebayes-snp-chr-933434-T	933434	0	T	A	0.135	4.798436e-03	2.026122e-01	-1.490054e+02	1.000000e-05	1.000000e-05	9.811598e-01	9.808897e-01	9.809446e-01
chr	freebayes-snp-chr-934030-C	934030	0	C	G	0.292	1.718142e-01	1.510628e-01	-1.483488e+02	1.000000e-05	1.000000e-05	2.585069e-01	2.517432e-01	2.566248e-01
chr	freebayes-snp-chr-934446-T	934446	0	T	C	0.124	-1.324060e-01	2.097792e-01	-1.488023e+02	1.000000e-05	1.000000e-05	5.295853e-01	5.236996e-01	5.258459e-01
chr	freebayes-snp-chr-934898-G	934898	0	G	C	0.090	-1.953540e-01	2.410331e-01	-1.486709e+02	1.000000e-05	1.000000e-05	4.198722e-01	4.132382e-01	4.163465e-01
chr	freebayes-snp-chr-934925-A	934925	0	A	G	0.112	-3.818845e-02	2.190847e-01	-1.489901e+02	1.000000e-05	1.000000e-05	8.620275e-01	8.600694e-01	8.604911e-01
chr	freebayes-snp-chr-939294-G	939294	0	G	T	0.101	-6.202001e-02	2.294166e-01	-1.489683e+02	1.000000e-05	1.000000e-05	7.875405e-01	7.845686e-01	7.852605e-01
chr	freebayes-snp-chr-939364-A	939364	0	A	C	0.382	8.676391e-02	1.421272e-01	-1.488154e+02	1.000000e-05	1.000000e-05	5.431442e-01	5.373772e-01	5.394205e-01
chr	freebayes-snp-chr-940917-A	940917	0	A	C	0.292	9.954842e-02	1.518076e-01	-1.487862e+02	1.000000e-05	1.000000e-05	5.137130e-01	5.076951e-01	5.099664e-01
chr	freebayes-snp-chr-941085-A	941085	0	A	C	0.056	4.089539e-02	3.004760e-01	-1.489962e+02	1.000000e-05	1.000000e-05	8.920551e-01	8.905169e-01	8.908408e-01
chr	freebayes-snp-chr-942697-G	942697	0	G	A	0.135	-5.639446e-02	2.025215e-01	-1.489660e+02	1.000000e-05	1.000000e-05	7.813188e-01	7.782645e-01	7.789811e-01
chr	freebayes-snp-chr-942759-C	942759	0	C	T	0.348	6.391784e-02	1.450915e-01	-1.489065e+02	1.000000e-05	1.000000e-05	6.606427e-01	6.560877e-01	6.573722e-01
chr	freebayes-snp-chr-946486-G	946486	0	G	A	0.371	7.536570e-02	1.430475e-01	-1.488639e+02	1.000000e-05	1.000000e-05	5.996331e-01	5.944110e-01	5.960605e-01
chr	freebayes-snp-chr-947941-C	947941	0	C	T	0.382	6.443789e-02	1.422631e-01	-1.489008e+02	1.000000e-05	1.000000e-05	6.517133e-01	6.470562e-01	6.483905e-01
chr	freebayes-snp-chr-948259-A	948259	0	A	G	0.157	-3.424728e-02	1.900326e-01	-1.489890e+02	1.000000e-05	1.000000e-05	8.574006e-01	8.553782e-01	8.558155e-01
chr	freebayes-snp-chr-948322-T	948322	0	T	C	0.135	-7.149061e-03	2.026097e-01	-1.490050e+02	1.000000e-05	1.000000e-05	9.719334e-01	9.715311e-01	9.716130e-01
chr	freebayes-snp-chr-948849-G	948849	0	G	A	0.382	8.237894e-02	1.421570e-01	-1.488342e+02	1.000000e-05	1.000000e-05	5.637543e-01	5.581771e-01	5.600701e-01
chr	freebayes-snp-chr-949455-G	949455	1	G	A	0.159	2.500557e-01	1.883728e-01	-1.481133e+02	1.000000e-05	1.000000e-05	1.878324e-01	1.815828e-01	1.872478e-01
chr	freebayes-snp-chr-950670-T	950670	0	T	A	0.124	-4.840397e-02	2.101950e-01	-1.489785e+02	1.000000e-05	1.000000e-05	8.184138e-01	8.158564e-01	8.164309e-01
chr	freebayes-snp-chr-958089-A	958089	0	A	G	0.270	9.973085e-02	1.555731e-01	-1.487959e+02	1.000000e-05	1.000000e-05	5.231723e-01	5.172324e-01	5.194286e-01
chr	freebayes-snp-chr-962185-A	962185	0	A	G	0.236	1.221062e-01	1.624636e-01	-1.487176e+02	1.000000e-05	1.000000e-05	4.543254e-01	4.478816e-01	4.506631e-01
chr	freebayes-snp-chr-963159-G	963159	0	G	T	0.124	-2.385120e-02	2.102450e-01	-1.489991e+02	1.000000e-05	1.000000e-05	9.099393e-01	9.086535e-01	9.089212e-01
chr	freebayes-snp-chr-966170-G	966170	0	G	C	0.270	1.421068e-01	1.551952e-01	-1.485788e+02	1.000000e-05	1.000000e-05	3.623737e-01	3.555330e-01	3.592343e-01
chr	freebayes-snp-chr-967551-C	967551	0	C	G	0.247	1.111180e-01	1.599833e-01	-1.487596e+02	1.000000e-05	1.000000e-05	4.891818e-01	4.829741e-01	4.854480e-01
chr	freebayes-snp-chr-973489-T	973489	0	T	C	0.090	-6.975108e-03	2.419427e-01	-1.490052e+02	1.000000e-05	1.000000e-05	9.770665e-01	9.767378e-01	9.768046e-01
chr	freebayes-snp-chr-973696-T	973696	0	T	C	0.101	4.711394e-02	2.294605e-01	-1.489841e+02	1.000000e-05	1.000000e-05	8.377980e-01	8.355051e-01	8.360100e-01
chr	freebayes-snp-chr-978831-T	978831	0	T	C	0.067	-1.825143e-01	2.752886e-01	-1.487814e+02	1.000000e-05	1.000000e-05	5.090881e-01	5.030330e-01	5.053416e-01
chr	freebayes-snp-chr-979505-C	979505	0	C	G	0.258	9.552666e-02	1.577517e-01	-1.488185e+02	1.000000e-05	1.000000e-05	5.463897e-01	5.406519e-01	5.426709e-01
chr	freebayes-snp-chr-980916-A	980916	0	A	G	0.067	-1.253241e-01	2.756543e-01	-1.489001e+02	1.000000e-05	1.000000e-05	6.504989e-01	6.458280e-01	6.471692e-01
chr	freebayes-snp-chr-998447-G	998447	0	G	T	0.056	1.105716e-01	3.002786e-01	-1.489363e+02	1.000000e-05	1.000000e-05	7.135963e-01	7.096744e-01	7.106873e-01
chr	freebayes-snp-chr-1004836-A	1004836	0	A	G	0.079	-1.781388e-01	2.563503e-01	-1.487593e+02	1.000000e-05	1.000000e-05	4.889675e-01	4.827582e-01	4.852339e-01
chr	freebayes-snp-chr-1007255-G	1007255	0	G	C	0.337	5.735409e-02	1.462704e-01	-1.489271e+02	1.000000e-05	1.000000e-05	6.959358e-01	6.917979e-01	6.928970e-01
chr	freebayes-snp-chr-1007505-G	1007505	0	G	A	0.124	-8.591794e-02	2.100607e-01	-1.489202e+02	1.000000e-05	1.000000e-05	6.835339e-01	6.792471e-01	6.804094e-01
chr	freebayes-snp-chr-1007727-G	1007727	0	G	A	0.236	1.021595e-01	1.626217e-01	-1.488043e+02	1.000000e-05	1.000000e-05	5.315162e-01	5.256472e-01	5.277786e-01
chr	freebayes-snp-chr-1007928-C	1007928	0	C	T	0.315	2.553624e-02	1.490067e-01	-1.489906e+02	1.000000e-05	1.000000e-05	8.643257e-01	8.623995e-01	8.628136e-01
chr	freebayes-snp-chr-1008000-C	1008000	0	C	G	0.090	-1.741212e-01	2.412188e-01	-1.487399e+02	1.000000e-05	1.000000e-05	4.723291e-01	4.660021e-01	4.686218e-01
chr	freebayes-snp-chr-1008195-G	1008195	0	G	T	0.360	8.439940e-02	1.439325e-01	-1.488301e+02	1.000000e-05	1.000000e-05	5.591374e-01	5.535167e-01	5.554427e-01
chr	freebayes-snp-chr-1010220-T	1010220	0	T	C	0.303	1.535901e-02	1.505285e-01	-1.490003e+02	1.000000e-05	1.000000e-05	9.189646e-01	9.178066e-01	9.180466e-01
chr	freebayes-snp-chr-1012469-G	1012469	0	G	A	0.315	8.895941e-02	1.487274e-01	-1.488230e+02	1.000000e-05	1.000000e-05	5.513024e-01	5.456092e-01	5.475920e-01
chr	freebayes-snp-chr-1013636-T	1013636	0	T	C	0.090	-6.975108e-03	2.419427e-01	-1.490052e+02	1.000000e-05	1.000000e-05	9.770665e-01	9.767378e-01	9.768046e-01
chr	freebayes-snp-chr-1013841-A	1013841	0	A	G	0.101	-3.235564e-02	2.295026e-01	-1.489955e+02	1.000000e-05	1.000000e-05	8.882104e-01	8.866182e-01	8.869543e-01
chr	freebayes-snp-chr-1015659-C	1015659	0	C	A	0.292	2.215467e-02	1.521640e-01	-1.489948e+02	1.000000e-05	1.000000e-05	8.845761e-01	8.829328e-01	8.832806e-01
chr	freebayes-snp-chr-1016280-T	1016280	0	T	C	0.067	-1.253241e-01	2.756543e-01	-1.489001e+02	1.000000e-05	1.000000e-05	6.504989e-01	6.458280e-01	6.471692e-01
chr	freebayes-snp-chr-1016400-G	1016400	0	G	A	0.337	5.272139e-02	1.462901e-01	-1.489393e+02	1.000000e-05	1.000000e-05	7.194295e-01	7.155800e-01	7.165652e-01
chr	freebayes-snp-chr-1017149-G	1017149	0	G	C	0.270	1.233437e-01	1.553787e-01	-1.486845e+02	1.000000e-05	1.000000e-05	4.294563e-01	4.228707e-01	4.258858e-01
chr	freebayes-snp-chr-1017467-A	1017467	0	A	G	0.079	-2.088640e-02	2.570517e-01	-1.490023e+02	1.000000e-05	1.000000e-05	9.354268e-01	9.345030e-01	9.346930e-01
chr	freebayes-snp-chr-1018457-G	1018457	0	G	C	0.056	-2.942266e-01	2.988512e-01	-1.485126e+02	1.000000e-05	1.000000e-05	3.275875e-01	3.207001e-01	3.247854e-01
chr	freebayes-snp-chr-1018489-T	1018489	0	T	C	0.056	6.404173e-02	3.004306e-01	-1.489824e+02	1.000000e-05	1.000000e-05	8.316958e-01	8.293194e-01	8.298458e-01
chr	freebayes-snp-chr-1019825-C	1019825	0	C	T	0.079	1.844204e-01	2.563014e-01	-1.487416e+02	1.000000e-05	1.000000e-05	4.737337e-01	4.674163e-01	4.700236e-01
chr	freebayes-snp-chr-1021113-A	1021113	0	A	G	0.281	5.727287e-02	1.538571e-01	-1.489348e+02	1.000000e-05	1.000000e-05	7.106140e-01	7.066553e-01	7.076825e-01
chr	freebayes-snp-chr-1022161-G	1022161	0	G	C	0.247	2.364452e-02	1.604053e-01	-1.489945e+02	1.000000e-05	1.000000e-05	8.831536e-01	8.814904e-01	8.818427e-01
chr	freebayes-snp-chr-1026707-C	1026707	0	C	A	0.281	3.118013e-02	1.539430e-01	-1.489847e+02	1.000000e-05	1.000000e-05	8.399649e-01	8.377017e-01	8.381990e-01
chr	freebayes-snp-chr-1026716-A	1026716	0	A	G	0.270	4.401669e-02	1.558695e-01	-1.489649e+02	1.000000e-05	1.000000e-05	7.783118e-01	7.752178e-01	7.759465e-01
chr	freebayes-snp-chr-1027044-T	1027044	0	T	C	0.067	2.160856e-01	2.750076e-01	-1.486910e+02	1.000000e-05	1.000000e-05	4.341521e-01	4.275914e-01	4.305615e-01
chr	freebayes-snp-chr-1029334-A	1029334	0	A	G	0.225	1.133796e-01	1.653550e-01	-1.487658e+02	1.000000e-05	1.000000e-05	4.947420e-01	4.885756e-01	4.910026e-01
chr	freebayes-snp-chr-1030129-A	1030129	0	A	G	0.101	2.673699e-03	2.295299e-01	-1.490056e+02	1.000000e-05	1.000000e-05	9.907327e-01	9.905998e-01	9.906267e-01
chr	freebayes-snp-chr-1030237-C	1030237	0	C	T	0.326	9.102835e-02	1.473338e-01	-1.488108e+02	1.000000e-05	1.000000e-05	5.382963e-01	5.324864e-01	5.345660e-01
chr	freebayes-snp-chr-1037723-G	1037723	0	G	A	0.067	2.502651e-01	2.746738e-01	-1.485830e+02	1.000000e-05	1.000000e-05	3.647414e-01	3.579062e-01	3.615820e-01
chr	freebayes-snp-chr-1038020-C	1038020	0	C	G	0.056	-2.536992e-01	2.992774e-01	-1.486396e+02	1.000000e-05	1.000000e-05	3.989280e-01	3.922017e-01	3.955193e-01
chr	freebayes-snp-chr-1042575-C	1042575	0	C	A	0.079	3.115065e-01	2.548836e-01	-1.482481e+02	1.000000e-05	1.000000e-05	2.249511e-01	2.183741e-01	2.236404e-01
chr	freebayes-snp-chr-1043670-A	1043670	0	A	G	0.056	-8.002092e-02	3.003879e-01	-1.489694e+02	1.000000e-05	1.000000e-05	7.905677e-01	7.876360e-01	7.883160e-01
chr	freebayes-snp-chr-1044579-G	1044579	0	G	C	0.079	-3.041983e-02	2.570381e-01	-1.489985e+02	1.000000e-05	1.000000e-05	9.060651e-01	9.047245e-01	9.050043e-01
chr	freebayes-snp-chr-1047018-G	1047018	0	G	A	0.326	2.019789e-01	1.460592e-01	-1.480381e+02	1.000000e-05	1.000000e-05	1.702481e-01	1.642057e-01	1.700398e-01
chr	freebayes-snp-chr-1050061-A	1050061	0	A	T	0.303	1.567103e-01	1.495976e-01	-1.484479e+02	1.000000e-05	1.000000e-05	2.977497e-01	2.908772e-01	2.953032e-01
chr	freebayes-snp-chr-1060658-C	1060658	0	C	T	0.326	4.805241e-02	1.475660e-01	-1.489514e+02	1.000000e-05	1.000000e-05	7.454836e-01	7.419631e-01	7.428300e-01
chr	freebayes-snp-chr-1060683-G	1060683	0	G	C	0.360	6.451173e-02	1.440511e-01	-1.489032e+02	1.000000e-05	1.000000e-05	6.553824e-01	6.507670e-01	6.520808e-01
chr	freebayes-snp-chr-1061082-G	1061082	0	G	A	0.236	8.166285e-02	1.627543e-01	-1.488771e+02	1.000000e-05	1.000000e-05	6.171071e-01	6.120683e-01	6.136072e-01
chr	freebayes-snp-chr-1061169-G	1061169	0	G	A	0.101	-1.011715e-01	2.292717e-01	-1.489062e+02	1.000000e-05	1.000000e-05	6.601097e-01	6.555486e-01	6.568361e-01
chr	freebayes-snp-chr-1065895-G	1065895	0	G	C	0.213	5.845968e-02	1.687712e-01	-1.489443e+02	1.000000e-05	1.000000e-05	7.298903e-01	7.261718e-01	7.271085e-01
chr	freebayes-snp-chr-1069652-G	1069652	0	G	A	0.270	9.589419e-03	1.559377e-01	-1.490037e+02	1.000000e-05	1.000000e-05	9.511059e-01	9.504057e-01	9.505489e-01
chr	freebayes-snp-chr-1086154-G	1086154	0	G	A	0.056	-1.663757e-01	2.999818e-01	-1.488486e+02	1.000000e-05	1.000000e-05	5.805782e-01	5.751637e-01	5.769397e-01
chr	freebayes-snp-chr-1087643-A	1087643	0	A	G	0.292	4.138773e-02	1.521181e-01	-1.489678e+02	1.000000e-05	1.000000e-05	7.862080e-01	7.832184e-01	7.839156e-01
chr	freebayes-snp-chr-1127545-C	1127545	0	C	T	0.281	2.035232e-01	1.524214e-01	-1.481029e+02	1.000000e-05	1.000000e-05	1.852723e-01	1.790506e-01	1.847413e-01
chr	freebayes-snp-chr-1129932-A	1129932	0	A	G	0.067	1.424350e-01	2.755587e-01	-1.488692e+02	1.000000e-05	1.000000e-05	6.065408e-01	6.013903e-01	6.029955e-01
chr	freebayes-snp-chr-1132980-A	1132980	0	A	G	0.270	-2.531588e-03	1.559397e-01	-1.490055e+02	1.000000e-05	1.000000e-05	9.870846e-01	9.868994e-01	9.869370e-01
chr	freebayes-snp-chr-1136381-T	1136381	0	T	C	0.067	-1.780183e-01	2.753163e-01	-1.487923e+02	1.000000e-05	1.000000e-05	5.195960e-01	5.136263e-01	5.158507e-01
chr	freebayes-snp-chr-1143380-T	1143380	0	T	G	0.303	1.786237e-01	1.493151e-01	-1.482796e+02	1.000000e-05	1.000000e-05	2.348346e-01	2.281927e-01	2.333471e-01
chr	freebayes-snp-chr-1147502-C	1147502	0	C	T	0.326	6.016193e-02	1.475159e-01	-1.489207e+02	1.000000e-05	1.000000e-05	6.843978e-01	6.801212e-01	6.812791e-01
chr	freebayes-snp-chr-1170383-T	1170383	0	T	G	0.079	2.483203e-01	2.556810e-01	-1.485258e+02	1.000000e-05	1.000000e-05	3.341357e-01	3.272520e-01	3.312639e-01
chr	freebayes-snp-chr-1182060-G	1182060	0	G	A	0.056	2.135899e-01	2.996435e-01	-1.487465e+02	1.000000e-05	1.000000e-05	4.778687e-01	4.715799e-01	4.741510e-01
chr	freebayes-snp-chr-1197009-C	1197009	0	C	T	0.090	-8.465505e-02	2.417571e-01	-1.489430e+02	1.000000e-05	1.000000e-05	7.270607e-01	7.233066e-01	7.242563e-01
chr	freebayes-snp-chr-1201700-A	1201700	0	A	G	0.292	2.001330e-01	1.506625e-01	-1.481121e+02	1.000000e-05	1.000000e-05	1.875356e-01	1.812892e-01	1.869573e-01
chr	freebayes-snp-chr-1207960-T	1207960	0	T	C	0.124	2.407233e-01	2.086728e-01	-1.483301e+02	1.000000e-05	1.000000e-05	2.518269e-01	2.450930e-01	2.500520e-01
chr	freebayes-snp-chr-1211098-A	1211098	0	A	G	0.079	3.100838e-01	2.549019e-01	-1.482551e+02	1.000000e-05	1.000000e-05	2.270910e-01	2.204993e-01	2.257415e-01
chr	freebayes-snp-chr-1219872-A	1219872	0	A	G	0.112	2.852088e-01	2.169803e-01	-1.481306e+02	1.000000e-05	1.000000e-05	1.921511e-01	1.858561e-01	1.914772e-01
chr	freebayes-snp-chr-1227280-C	1227280	0	C	T	0.303	1.539793e-01	1.496308e-01	-1.484673e+02	1.000000e-05	1.000000e-05	3.063032e-01	2.994208e-01	3.037484e-01
chr	freebayes-snp-chr-1238090-C	1238090	0	C	G	0.135	1.550196e-01	2.019308e-01	-1.487052e+02	1.000000e-05	1.000000e-05	4.447519e-01	4.382507e-01	4.411208e-01
chr	freebayes-snp-chr-1239837-C	1239837	0	C	T	0.292	1.396610e-01	1.514431e-01	-1.485728e+02	1.000000e-05	1.000000e-05	3.589740e-01	3.521259e-01	3.558640e-01
chr	freebayes-snp-chr-1241062-C	1241062	0	C	G	0.404	1.895783e-01	1.395296e-01	-1.480713e+02	1.000000e-05	1.000000e-05	1.777553e-01	1.716200e-01	1.773840e-01
chr	freebayes-snp-chr-1244644-A	1244644	0	A	C	0.112	-3.278806e-01	2.162769e-01	-1.478453e+02	1.000000e-05	1.000000e-05	1.331389e-01	1.276676e-01	1.337803e-01
chr	freebayes-snp-chr-1246377-G	1246377	0	G	A	0.292	6.830299e-02	1.520071e-01	-1.489025e+02	1.000000e-05	1.000000e-05	6.543032e-01	6.496755e-01	6.509953e-01
chr	freebayes-snp-chr-1249933-A	1249933	0	A	C	0.225	1.133796e-01	1.653550e-01	-1.487658e+02	1.000000e-05	1.000000e-05	4.947420e-01	4.885756e-01	4.910026e-01
chr	freebayes-snp-chr-1255617-C	1255617	0	C	A	0.112	2.247364e-01	2.177889e-01	-1.484643e+02	1.000000e-05	1.000000e-05	3.049789e-01	2.980977e-01	3.024405e-01
chr	freebayes-snp-chr-1261628-T	1261628	0	T	C	0.079	-1.103684e-01	2.567917e-01	-1.489113e+02	1.000000e-05	1.000000e-05	6.684057e-01	6.639406e-01	6.651829e-01
chr	freebayes-snp-chr-1264430-G	1264430	0	G	T	0.101	-1.461681e-02	2.295220e-01	-1.490036e+02	1.000000e-05	1.000000e-05	9.493682e-01	9.486431e-01	9.487915e-01
chr	freebayes-snp-chr-1269924-C	1269924	0	C	A	0.090	1.273419e-02	2.419383e-01	-1.490042e+02	1.000000e-05	1.000000e-05	9.581442e-01	9.575445e-01	9.576669e-01
chr	freebayes-snp-chr-1272999-A	1272999	0	A	C	0.067	1.451741e-01	2.755379e-01	-1.488639e+02	1.000000e-05	1.000000e-05	5.996212e-01	5.943989e-01	5.960484e-01
chr	freebayes-snp-chr-1276451-A	1276451	0	A	G	0.067	-8.950928e-02	2.758158e-01	-1.489518e+02	1.000000e-05	1.000000e-05	7.463192e-01	7.428094e-01	7.436726e-01
chr	freebayes-snp-chr-1279650-A	1279650	0	A	G	0.337	1.887133e-01	1.449923e-01	-1.481475e+02	1.000000e-05	1.000000e-05	1.965094e-01	1.901706e-01	1.957466e-01
chr	freebayes-snp-chr-1280524-T	1280524	0	T	C	0.303	1.254405e-01	1.499343e-01	-1.486491e+02	1.000000e-05	1.000000e-05	4.050893e-01	3.983882e-01	4.016434e-01
chr	freebayes-snp-chr-1282952-A	1282952	0	A	G	0.079	9.324392e-02	2.568643e-01	-1.489383e+02	1.000000e-05	1.000000e-05	7.174790e-01	7.136053e-01	7.145997e-01
chr	freebayes-snp-chr-1284154-C	1284154	0	C	A	0.067	2.621877e-02	2.759521e-01	-1.490010e+02	1.000000e-05	1.000000e-05	9.245238e-01	9.234448e-01	9.236678e-01
chr	freebayes-snp-chr-1299605-C	1299605	0	C	G	0.101	2.726603e-01	2.276522e-01	-1.482779e+02	1.000000e-05	1.000000e-05	2.342846e-01	2.276460e-01	2.328067e-01
chr	freebayes-snp-chr-1312435-T	1312435	0	T	C	0.236	1.340417e-01	1.623546e-01	-1.486584e+02	1.000000e-05	1.000000e-05	4.112831e-01	4.046090e-01	4.078021e-01
chr	freebayes-snp-chr-1329248-A	1329248	0	A	G	0.326	1.065521e-01	1.472130e-01	-1.487385e+02	1.000000e-05	1.000000e-05	4.711331e-01	4.647980e-01	4.674282e-01
chr	freebayes-snp-chr-1331465-A	1331465	0	A	G	0.067	1.038055e-01	2.757493e-01	-1.489332e+02	1.000000e-05	1.000000e-05	7.074997e-01	7.035028e-01	7.045450e-01
chr	freebayes-snp-chr-1333995-T	1333995	0	T	C	0.079	4.162848e-03	2.570553e-01	-1.490055e+02	1.000000e-05	1.000000e-05	9.871164e-01	9.869317e-01	9.869692e-01
chr	freebayes-snp-chr-1334277-C	1334277	0	C	T	0.112	1.140607e-01	2.187832e-01	-1.488668e+02	1.000000e-05	1.000000e-05	6.034537e-01	5.982711e-01	5.998960e-01
chr	freebayes-snp-chr-1335100-G	1335100	0	G	A	0.124	8.313784e-02	2.100741e-01	-1.489256e+02	1.000000e-05	1.000000e-05	6.932547e-01	6.890844e-01	6.901970e-01
chr	freebayes-snp-chr-1356090-C	1356090	0	C	T	0.225	1.133796e-01	1.653550e-01	-1.487658e+02	1.000000e-05	1.000000e-05	4.947420e-01	4.885756e-01	4.910026e-01
chr	freebayes-snp-chr-1365758-A	1365758	0	A	G	0.315	2.003154e-01	1.474744e-01	-1.480718e+02	1.000000e-05	1.000000e-05	1.778783e-01	1.717415e-01	1.775043e-01
chr	freebayes-snp-chr-1389726-T	1389726	0	T	C	0.067	8.607280e-02	2.758218e-01	-1.489559e+02	1.000000e-05	1.000000e-05	7.557420e-01	7.523534e-01	7.531758e-01
chr	freebayes-snp-chr-1421443-C	1421443	0	C	A	0.090	7.362692e-02	2.418110e-01	-1.489583e+02	1.000000e-05	1.000000e-05	7.614884e-01	7.581742e-01	7.589723e-01
chr	freebayes-snp-chr-1425665-C	1425665	0	C	T	0.315	1.415265e-01	1.482562e-01	-1.485420e+02	1.000000e-05	1.000000e-05	3.424209e-01	3.355455e-01	3.394651e-01
chr	freebayes-snp-chr-1437293-T	1437293	0	T	C	0.303	1.556180e-01	1.496089e-01	-1.484557e+02	1.000000e-05	1.000000e-05	3.011454e-01	2.942684e-01	2.986552e-01
chr	freebayes-snp-chr-1447133-A	1447133	0	A	G	0.090	1.315715e-01	2.415266e-01	-1.488541e+02	1.000000e-05	1.000000e-05	5.873195e-01	5.819720e-01	5.837026e-01
chr	freebayes-snp-chr-1451903-C	1451903	0	C	A	0.124	2.439164e-01	2.086245e-01	-1.483119e+02	1.000000e-05	1.000000e-05	2.455306e-01	2.388280e-01	2.438597e-01
chr	freebayes-snp-chr-1471171-T	1471171	0	T	C	0.101	4.018764e-02	2.294849e-01	-1.489900e+02	1.000000e-05	1.000000e-05	8.613914e-01	8.594244e-01	8.598483e-01
chr	freebayes-snp-chr-1471552-T	1471552	0	T	G	0.225	1.133796e-01	1.653550e-01	-1.487658e+02	1.000000e-05	1.000000e-05	4.947420e-01	4.885756e-01	4.910026e-01
chr	freebayes-snp-chr-1491085-G	1491085	0	G	T	0.180	1.138536e-01	1.798015e-01	-1.488010e+02	1.000000e-05	1.000000e-05	5.282521e-01	5.223551e-01	5.245118e-01
chr	freebayes-snp-chr-1505895-A	1505895	0	A	G	0.067	-1.909348e-01	2.752199e-01	-1.487601e+02	1.000000e-05	1.000000e-05	4.896849e-01	4.834809e-01	4.859505e-01
chr	freebayes-snp-chr-1506886-A	1506886	0	A	G	0.281	5.008742e-02	1.538860e-01	-1.489515e+02	1.000000e-05	1.000000e-05	7.455964e-01	7.420773e-01	7.429437e-01
chr	freebayes-snp-chr-1508133-A	1508133	0	A	G	0.157	-1.656112e-02	1.900480e-01	-1.490018e+02	1.000000e-05	1.000000e-05	9.307591e-01	9.297688e-01	9.299728e-01
chr	freebayes-snp-chr-1512604-C	1512604	0	C	G	0.180	4.995375e-02	1.801281e-01	-1.489663e+02	1.000000e-05	1.000000e-05	7.821897e-01	7.791469e-01	7.798600e-01
chr	freebayes-snp-chr-1514141-C	1514141	0	C	T	0.315	1.195420e-01	1.484799e-01	-1.486753e+02	1.000000e-05	1.000000e-05	4.229537e-01	4.163349e-01	4.194130e-01
chr	freebayes-snp-chr-1533454-C	1533454	0	C	T	0.079	1.812425e-01	2.563250e-01	-1.487507e+02	1.000000e-05	1.000000e-05	4.814059e-01	4.751420e-01	4.776825e-01
chr	freebayes-snp-chr-1537772-A	1537772	0	A	G	0.112	2.886759e-01	2.169218e-01	-1.481089e+02	1.000000e-05	1.000000e-05	1.867376e-01	1.804999e-01	1.861759e-01
chr	freebayes-snp-chr-1559514-C	1559514	0	C	T	0.079	-4.091329e-02	2.570249e-01	-1.489927e+02	1.000000e-05	1.000000e-05	8.738958e-01	8.721030e-01	8.724854e-01
chr	freebayes-snp-chr-1576593-T	1576593	0	T	C	0.067	4.249768e-02	2.759363e-01	-1.489935e+02	1.000000e-05	1.000000e-05	8.779565e-01	8.762205e-01	8.765897e-01
chr	freebayes-snp-chr-1579620-C	1579620	0	C	T	0.112	4.608313e-02	2.190689e-01	-1.489830e+02	1.000000e-05	1.000000e-05	8.338793e-01	8.315327e-01	8.320514e-01
chr	freebayes-snp-chr-1580346-C	1580346	0	C	G	0.292	1.440842e-01	1.513953e-01	-1.485448e+02	1.000000e-05	1.000000e-05	3.438814e-01	3.370078e-01	3.409112e-01
chr	freebayes-snp-chr-1585187-T	1585187	0	T	C	0.056	1.467594e-01	3.000996e-01	-1.488835e+02	1.000000e-05	1.000000e-05	6.260472e-01	6.211047e-01	6.225890e-01
chr	freebayes-snp-chr-1600765-A	1600765	0	A	G	0.348	1.513532e-01	1.443447e-01	-1.484468e+02	1.000000e-05	1.000000e-05	2.972875e-01	2.904157e-01	2.948470e-01
chr	freebayes-snp-chr-1600825-A	1600825	0	A	G	0.281	1.363163e-01	1.532829e-01	-1.486030e+02	1.000000e-05	1.000000e-05	3.762882e-01	3.694836e-01	3.730363e-01
chr	freebayes-snp-chr-1607855-T	1607855	0	T	C	0.337	-5.319715e-02	1.462767e-01	-1.489381e+02	1.000000e-05	1.000000e-05	7.169831e-01	7.131032e-01	7.141000e-01
chr	freebayes-snp-chr-1633487-G	1633487	0	G	A	0.090	1.881721e-01	2.410953e-01	-1.486952e+02	1.000000e-05	1.000000e-05	4.372219e-01	4.306780e-01	4.336189e-01
chr	freebayes-snp-chr-1637403-A	1637403	0	A	G	0.067	1.597199e-01	2.754440e-01	-1.488340e+02	1.000000e-05	1.000000e-05	5.635054e-01	5.579258e-01	5.598205e-01
chr	freebayes-snp-chr-1647833-T	1647833	0	T	C	0.236	1.604431e-01	1.620791e-01	-1.485072e+02	1.000000e-05	1.000000e-05	3.249653e-01	3.180771e-01	3.221920e-01
chr	freebayes-snp-chr-1651904-G	1651904	0	G	C	0.303	1.297686e-01	1.498918e-01	-1.486239e+02	1.000000e-05	1.000000e-05	3.890095e-01	3.822460e-01	3.856655e-01
chr	freebayes-snp-chr-1666706-A	1666706	0	A	G	0.236	1.258839e-01	1.624297e-01	-1.486995e+02	1.000000e-05	1.000000e-05	4.404378e-01	4.339119e-01	4.368225e-01
chr	freebayes-snp-chr-1668246-T	1668246	0	T	C	0.090	1.553647e-03	2.419442e-01	-1.490056e+02	1.000000e-05	1.000000e-05	9.948911e-01	9.948179e-01	9.948327e-01
chr	freebayes-snp-chr-1678204-G	1678204	0	G	C	0.079	1.058643e-01	2.568069e-01	-1.489188e+02	1.000000e-05	1.000000e-05	6.811825e-01	6.768678e-01	6.780423e-01
chr	freebayes-snp-chr-1684628-A	1684628	0	A	G	0.292	-4.647573e-02	1.520881e-01	-1.489579e+02	1.000000e-05	1.000000e-05	7.606512e-01	7.573262e-01	7.581277e-01
chr	freebayes-snp-chr-1722081-T	1722081	1	T	G	0.068	-1.886485e-01	2.753517e-01	-1.487662e+02	1.000000e-05	1.000000e-05	4.950907e-01	4.889270e-01	4.913511e-01
chr	freebayes-snp-chr-1722287-A	1722287	0	A	T	0.292	3.746158e-02	1.521302e-01	-1.489746e+02	1.000000e-05	1.000000e-05	8.060712e-01	8.033470e-01	8.039674e-01
chr	freebayes-snp-chr-1751244-T	1751244	0	T	C	0.146	-1.729484e-01	1.994531e-01	-1.486662e+02	2.979102e-03	1.000000e-05	3.882655e-01	4.099859e-01	4.131260e-01
chr	freebayes-snp-chr-1792551-A	1792551	0	A	G	0.056	-4.948594e-02	3.004539e-01	-1.489918e+02	1.000000e-05	1.000000e-05	8.695591e-01	8.677058e-01	8.681025e-01
chr	freebayes-snp-chr-1806536-A	1806536	0	A	G	0.056	-1.816902e-01	2.998833e-01	-1.488183e+02	1.000000e-05	1.000000e-05	5.461788e-01	5.404391e-01	5.424597e-01
chr	freebayes-snp-chr-1865423-C	1865423	0	C	T	0.258	1.186311e-01	1.575713e-01	-1.487167e+02	1.000000e-05	1.000000e-05	4.535588e-01	4.471103e-01	4.498988e-01
chr	freebayes-snp-chr-1977722-T	1977722	0	T	C	0.135	2.075998e-01	2.013735e-01	-1.484653e+02	1.000000e-05	1.000000e-05	3.054362e-01	2.985546e-01	3.028921e-01
chr	freebayes-snp-chr-1981689-G	1981689	0	G	C	0.281	-6.940678e-02	1.537867e-01	-1.489016e+02	1.000000e-05	1.000000e-05	6.528831e-01	6.482393e-01	6.495670e-01
chr	freebayes-snp-chr-1984020-A	1984020	0	A	G	0.247	1.349122e-01	1.597728e-01	-1.486424e+02	1.000000e-05	1.000000e-05	4.007615e-01	3.940425e-01	3.973415e-01
chr	freebayes-snp-chr-1989742-G	1989742	0	A	G	0.202	2.042812e-02	1.722567e-01	-1.489985e+02	1.000000e-05	1.000000e-05	9.058727e-01	9.045294e-01	9.048098e-01
chr	freebayes-snp-chr-1994466-T	1994466	0	T	C	0.315	5.756928e-02	1.489038e-01	-1.489293e+02	1.000000e-05	1.000000e-05	6.999811e-01	6.958923e-01	6.969713e-01
chr	freebayes-snp-chr-2009815-A	2009815	0	A	G	0.067	2.837101e-01	2.742851e-01	-1.484617e+02	1.000000e-05	1.000000e-05	3.038336e-01	2.969536e-01	3.013095e-01
chr	freebayes-snp-chr-2081647-C	2081647	0	C	T	0.326	6.549750e-02	1.474881e-01	-1.489049e+02	1.000000e-05	1.000000e-05	6.580826e-01	6.534981e-01	6.547969e-01
chr	freebayes-snp-chr-2099488-G	2099488	0	G	A	0.236	8.317520e-02	1.627452e-01	-1.488722e+02	1.000000e-05	1.000000e-05	6.105922e-01	6.054843e-01	6.070638e-01
chr	freebayes-snp-chr-2147096-C	2147096	0	C	T	0.213	1.156309e-01	1.684319e-01	-1.487652e+02	1.000000e-05	1.000000e-05	4.942145e-01	4.880442e-01	4.904756e-01
chr	freebayes-snp-chr-2161589-G	2161589	0	G	A	0.146	-2.434426e-01	1.941834e-01	-1.482089e+02	1.000000e-05	1.000000e-05	2.133190e-01	2.068298e-01	2.122254e-01
chr	freebayes-snp-chr-2161982-C	2161982	0	C	G	0.079	-5.909202e-02	2.569890e-01	-1.489786e+02	1.000000e-05	1.000000e-05	8.186783e-01	8.161245e-01	8.166980e-01
chr	freebayes-snp-chr-2162183-C	2162183	0	C	T	0.371	1.079130e-01	1.428085e-01	-1.487145e+02	1.000000e-05	1.000000e-05	4.519012e-01	4.454426e-01	4.482464e-01
chr	freebayes-snp-chr-2165238-T	2165238	0	T	C	0.225	1.113393e-01	1.653689e-01	-1.487744e+02	1.000000e-05	1.000000e-05	5.025548e-01	4.964483e-01	4.988103e-01
chr	freebayes-snp-chr-2178599-A	2178599	0	A	G	0.090	-8.131961e-02	2.417874e-01	-1.489478e+02	1.000000e-05	1.000000e-05	7.374342e-01	7.338111e-01	7.347137e-01
chr	freebayes-snp-chr-2193448-C	2193448	0	C	T	0.079	-5.909202e-02	2.569890e-01	-1.489786e+02	1.000000e-05	1.000000e-05	8.186783e-01	8.161245e-01	8.166980e-01
chr	freebayes-snp-chr-2218867-T	2218867	0	T	C	0.360	-2.244718e-02	1.441921e-01	-1.489933e+02	1.000000e-05	1.000000e-05	8.766494e-01	8.748951e-01	8.752686e-01
chr	freebayes-snp-chr-2219056-G	2219056	0	G	T	0.326	-1.638990e-02	1.476447e-01	-1.489993e+02	1.000000e-05	1.000000e-05	9.118649e-01	9.106063e-01	9.108681e-01
chr	freebayes-snp-chr-2238963-A	2238963	0	A	G	0.236	9.507518e-02	1.626703e-01	-1.488313e+02	1.000000e-05	1.000000e-05	5.604197e-01	5.548110e-01	5.567277e-01
chr	freebayes-snp-chr-2254359-G	2254359	0	G	A	0.393	9.390558e-02	1.413175e-01	-1.487804e+02	1.000000e-05	1.000000e-05	5.081275e-01	5.020648e-01	5.043812e-01
chr	freebayes-snp-chr-2303545-T	2303545	0	T	C	0.225	1.133796e-01	1.653550e-01	-1.487658e+02	1.000000e-05	1.000000e-05	4.947420e-01	4.885756e-01	4.910026e-01
chr	freebayes-snp-chr-2352250-C	2352250	1	C	G	0.216	8.309244e-02	1.689140e-01	-1.488820e+02	1.000000e-05	1.000000e-05	6.240136e-01	6.190492e-01	6.205457e-01
chr	freebayes-snp-chr-2357675-A	2357675	0	A	G	0.056	2.277180e-01	2.995151e-01	-1.487110e+02	1.000000e-05	1.000000e-05	4.491374e-01	4.426622e-01	4.454914e-01
chr	freebayes-snp-chr-2399209-T	2399209	0	T	C	0.079	-5.909202e-02	2.569890e-01	-1.489786e+02	1.000000e-05	1.000000e-05	8.186783e-01	8.161245e-01	8.166980e-01
chr	freebayes-snp-chr-2403872-G	2403872	0	G	T	0.337	7.583565e-02	1.461729e-01	-1.488682e+02	1.000000e-05	1.000000e-05	6.052119e-01	6.000475e-01	6.016612e-01
chr	freebayes-snp-chr-2404315-T	2404315	0	T	C	0.247	1.268162e-01	1.598481e-01	-1.486849e+02	1.000000e-05	1.000000e-05	4.297300e-01	4.231458e-01	4.261582e-01
chr	freebayes-snp-chr-2405716-T	2405716	0	T	C	0.101	-2.467979e-02	2.295139e-01	-1.489997e+02	1.000000e-05	1.000000e-05	9.146156e-01	9.133960e-01	9.136493e-01
chr	freebayes-snp-chr-2408836-T	2408836	0	T	C	0.236	9.641780e-02	1.626621e-01	-1.488263e+02	1.000000e-05	1.000000e-05	5.548868e-01	5.492266e-01	5.511832e-01
chr	freebayes-snp-chr-2412257-A	2412257	0	A	G	0.326	7.970832e-02	1.474090e-01	-1.488563e+02	1.000000e-05	1.000000e-05	5.900762e-01	5.847565e-01	5.864687e-01
chr	freebayes-snp-chr-2421421-C	2421421	0	C	A	0.337	8.847384e-02	1.460927e-01	-1.488185e+02	1.000000e-05	1.000000e-05	5.463566e-01	5.406185e-01	5.426378e-01
chr	freebayes-snp-chr-2431670-A	2431670	0	A	G	0.326	1.007908e-01	1.472606e-01	-1.487667e+02	1.000000e-05	1.000000e-05	4.955177e-01	4.893572e-01	4.917777e-01
chr	freebayes-snp-chr-2437271-A	2437271	0	A	G	0.258	1.847811e-01	1.568373e-01	-1.483013e+02	1.000000e-05	1.000000e-05	2.419412e-01	2.352579e-01	2.403310e-01
chr	freebayes-snp-chr-2465671-G	2465671	0	G	A	0.270	1.769437e-01	1.547816e-01	-1.483422e+02	1.000000e-05	1.000000e-05	2.560987e-01	2.493453e-01	2.542548e-01
chr	freebayes-snp-chr-2467062-T	2467062	0	T	C	0.056	2.399446e-01	2.994021e-01	-1.486783e+02	1.000000e-05	1.000000e-05	4.250763e-01	4.184682e-01	4.215256e-01
chr	freebayes-snp-chr-2470498-G	2470498	0	G	C	0.348	1.346587e-01	1.445353e-01	-1.485639e+02	1.000000e-05	1.000000e-05	3.540869e-01	3.472293e-01	3.510205e-01
chr	freebayes-snp-chr-2470584-T	2470584	0	T	C	0.225	1.133796e-01	1.653550e-01	-1.487658e+02	1.000000e-05	1.000000e-05	4.947420e-01	4.885756e-01	4.910026e-01
chr	freebayes-snp-chr-2473433-A	2473433	0	A	G	0.124	9.981974e-02	2.099878e-01	-1.488902e+02	1.000000e-05	1.000000e-05	6.357219e-01	6.308855e-01	6.323120e-01
chr	freebayes-snp-chr-2473477-T	2473477	0	T	C	0.135	7.237014e-02	2.024642e-01	-1.489403e+02	1.000000e-05	1.000000e-05	7.216232e-01	7.178010e-01	7.187760e-01
chr	freebayes-snp-chr-2480257-G	2480257	0	G	A	0.079	-5.909202e-02	2.569890e-01	-1.489786e+02	1.000000e-05	1.000000e-05	8.186783e-01	8.161245e-01	8.166980e-01
chr	freebayes-snp-chr-2480434-A	2480434	0	A	G	0.213	1.564475e-01	1.680526e-01	-1.485646e+02	1.000000e-05	1.000000e-05	3.544588e-01	3.476018e-01	3.513890e-01
chr	freebayes-snp-chr-2488430-G	2488430	0	G	A	0.281	1.607839e-01	1.530102e-01	-1.484444e+02	1.000000e-05	1.000000e-05	2.962582e-01	2.893878e-01	2.938311e-01
chr	freebayes-snp-chr-2490740-A	2490740	0	A	G	0.146	6.861266e-02	1.958040e-01	-1.489429e+02	1.000000e-05	1.000000e-05	7.268742e-01	7.231178e-01	7.240684e-01
chr	freebayes-snp-chr-2491250-A	2491250	0	A	G	0.090	-5.092743e-02	2.418840e-01	-1.489830e+02	1.000000e-05	1.000000e-05	8.337348e-01	8.313862e-01	8.319054e-01
chr	freebayes-snp-chr-2492221-G	2492221	0	G	C	0.135	9.368493e-02	2.023643e-01	-1.488962e+02	1.000000e-05	1.000000e-05	6.445548e-01	6.398168e-01	6.411919e-01
chr	freebayes-snp-chr-2493972-A	2493972	0	A	C	0.270	-6.832676e-02	1.557556e-01	-1.489073e+02	1.000000e-05	1.000000e-05	6.619814e-01	6.574419e-01	6.587191e-01
chr	freebayes-snp-chr-2494222-A	2494222	0	G	A	0.371	1.213530e-01	1.426852e-01	-1.486372e+02	1.000000e-05	1.000000e-05	3.973847e-01	3.906523e-01	3.939857e-01
chr	freebayes-snp-chr-2503534-A	2503534	0	A	G	0.112	7.101344e-02	2.189931e-01	-1.489519e+02	1.000000e-05	1.000000e-05	7.465101e-01	7.430027e-01	7.438650e-01
chr	freebayes-snp-chr-2504337-G	2504337	0	G	A	0.124	4.350177e-02	2.102120e-01	-1.489838e+02	1.000000e-05	1.000000e-05	8.365384e-01	8.342283e-01	8.347376e-01
chr	freebayes-snp-chr-2520329-C	2520329	0	C	G	0.270	2.400507e-02	1.559043e-01	-1.489935e+02	1.000000e-05	1.000000e-05	8.779875e-01	8.762519e-01	8.766210e-01
chr	freebayes-snp-chr-2526759-G	2526759	3	G	A	0.116	-4.406320e-02	2.195540e-01	-1.489851e+02	1.000000e-05	1.000000e-05	8.414062e-01	8.391629e-01	8.396551e-01
chr	freebayes-snp-chr-2526889-C	2526889	0	C	T	0.483	-7.829556e-01	2.017254e-01	-1.451262e+02	3.118047e-01	3.060313e-01	2.017173e-04	5.344696e-03	1.070814e-01
chr	freebayes-snp-chr-2527401-A	2527401	0	A	G	0.270	1.459671e-01	1.551535e-01	-1.485552e+02	1.000000e-05	1.000000e-05	3.494166e-01	3.425510e-01	3.463934e-01
chr	freebayes-snp-chr-2530687-T	2530687	0	T	G	0.337	1.089681e-01	1.459331e-01	-1.487214e+02	1.000000e-05	1.000000e-05	4.572582e-01	4.508327e-01	4.535874e-01
chr	freebayes-snp-chr-2532669-A	2532669	0	A	T	0.146	-4.117926e-02	1.958788e-01	-1.489831e+02	1.000000e-05	1.000000e-05	8.339811e-01	8.316359e-01	8.321542e-01
chr	freebayes-snp-chr-2534962-G	2534962	0	G	C	0.247	9.403121e-02	1.601092e-01	-1.488296e+02	1.000000e-05	1.000000e-05	5.585272e-01	5.529008e-01	5.548311e-01
chr	freebayes-snp-chr-2535454-G	2535454	0	G	C	0.101	7.664101e-02	2.293815e-01	-1.489486e+02	1.000000e-05	1.000000e-05	7.390929e-01	7.354908e-01	7.363860e-01
chr	freebayes-snp-chr-2538549-A	2538549	0	A	G	0.326	1.216383e-01	1.470792e-01	-1.486572e+02	1.000000e-05	1.000000e-05	4.104850e-01	4.038073e-01	4.070085e-01
chr	freebayes-snp-chr-2541747-A	2541747	0	A	G	0.258	1.623761e-01	1.571220e-01	-1.484627e+02	1.000000e-05	1.000000e-05	3.042623e-01	2.973819e-01	3.017329e-01
chr	freebayes-snp-chr-2547287-T	2547287	0	T	C	0.326	6.838864e-02	1.474733e-01	-1.488958e+02	1.000000e-05	1.000000e-05	6.439952e-01	6.392509e-01	6.406293e-01
chr	freebayes-snp-chr-2548328-C	2548328	0	C	T	0.090	-5.556194e-02	2.418676e-01	-1.489787e+02	1.000000e-05	1.000000e-05	8.188482e-01	8.162966e-01	8.168695e-01
chr	freebayes-snp-chr-2549738-A	2549738	0	A	G	0.348	7.250010e-02	1.450469e-01	-1.488780e+02	1.000000e-05	1.000000e-05	6.184503e-01	6.134259e-01	6.149565e-01
chr	freebayes-snp-chr-2560964-T	2560964	0	T	C	0.079	1.994343e-01	2.561613e-01	-1.486967e+02	1.000000e-05	1.000000e-05	4.383573e-01	4.318198e-01	4.347500e-01
chr	freebayes-snp-chr-2566443-T	2566443	0	T	C	0.135	-3.920406e-02	2.025564e-01	-1.489865e+02	1.000000e-05	1.000000e-05	8.469823e-01	8.448158e-01	8.452887e-01
chr	freebayes-snp-chr-2571172-C	2571172	0	C	T	0.337	1.285873e-01	1.457485e-01	-1.486093e+02	1.000000e-05	1.000000e-05	3.800703e-01	3.732772e-01	3.767899e-01
chr	freebayes-snp-chr-2574880-G	2574880	4	G	T	0.094	-4.230426e-02	2.424682e-01	-1.489901e+02	1.000000e-05	1.000000e-05	8.618988e-01	8.599388e-01	8.603610e-01
chr	freebayes-snp-chr-2583505-A	2583505	0	A	G	0.101	2.890679e-02	2.295059e-01	-1.489975e+02	1.000000e-05	1.000000e-05	9.000603e-01	8.986350e-01	8.989335e-01
chr	freebayes-snp-chr-2585041-T	2585041	0	T	C	0.236	9.004763e-02	1.627032e-01	-1.488493e+02	1.000000e-05	1.000000e-05	5.813767e-01	5.759700e-01	5.777406e-01
chr	freebayes-snp-chr-2588259-A	2588259	0	A	C	0.258	-8.556410e-02	1.578035e-01	-1.488555e+02	1.000000e-05	1.000000e-05	5.890536e-01	5.837236e-01	5.854426e-01
chr	freebayes-snp-chr-2689508-C	2689508	0	C	G	0.247	1.006396e-01	1.600630e-01	-1.488039e+02	1.000000e-05	1.000000e-05	5.311601e-01	5.252880e-01	5.274222e-01
chr	freebayes-snp-chr-2689557-G	2689557	1	G	A	0.227	1.027420e-01	1.657076e-01	-1.488095e+02	1.000000e-05	1.000000e-05	5.368654e-01	5.310429e-01	5.331334e-01
chr	freebayes-snp-chr-2690847-C	2690847	0	C	G	0.101	-7.191328e-02	2.294008e-01	-1.489554e+02	1.000000e-05	1.000000e-05	7.546640e-01	7.512615e-01	7.520886e-01
chr	freebayes-snp-chr-2698760-G	2698760	0	G	C	0.124	4.399388e-02	2.102054e-01	-1.489833e+02	1.000000e-05	1.000000e-05	8.347112e-01	8.323760e-01	8.328917e-01
chr	freebayes-snp-chr-2709593-A	2709593	0	A	C	0.371	1.074635e-01	1.428106e-01	-1.487170e+02	1.000000e-05	1.000000e-05	4.537879e-01	4.473408e-01	4.501272e-01
chr	freebayes-snp-chr-2713975-G	2713975	0	G	A	0.382	1.129957e-01	1.419138e-01	-1.486825e+02	1.000000e-05	1.000000e-05	4.280667e-01	4.214738e-01	4.245023e-01
chr	freebayes-snp-chr-2715549-G	2715549	0	G	A	0.135	2.053175e-02	2.025989e-01	-1.490004e+02	1.000000e-05	1.000000e-05	9.195123e-01	9.183622e-01	9.186004e-01
chr	freebayes-snp-chr-2715598-G	2715598	0	G	C	0.360	9.618101e-02	1.438459e-01	-1.487776e+02	1.000000e-05	1.000000e-05	5.054959e-01	4.994124e-01	5.017502e-01
chr	freebayes-snp-chr-2716638-A	2716638	0	A	G	0.067	1.080361e-01	2.757260e-01	-1.489272e+02	1.000000e-05	1.000000e-05	6.961462e-01	6.920108e-01	6.931089e-01
chr	freebayes-snp-chr-2718421-G	2718421	0	G	A	0.056	1.727979e-01	2.999314e-01	-1.488362e+02	1.000000e-05	1.000000e-05	5.660183e-01	5.604625e-01	5.623395e-01
chr	freebayes-snp-chr-2725878-G	2725878	0	G	C	0.056	1.259130e-01	3.001998e-01	-1.489158e+02	1.000000e-05	1.000000e-05	6.759353e-01	6.715584e-01	6.727605e-01
chr	freebayes-snp-chr-2725978-C	2725978	0	C	T	0.292	1.283689e-01	1.515571e-01	-1.486402e+02	1.000000e-05	1.000000e-05	3.993188e-01	3.925940e-01	3.959077e-01
chr	freebayes-snp-chr-2728295-C	2728295	0	C	T	0.281	1.431536e-01	1.532105e-01	-1.485613e+02	1.000000e-05	1.000000e-05	3.527048e-01	3.458447e-01	3.496510e-01
chr	freebayes-snp-chr-2737886-C	2737886	0	C	G	0.135	4.184584e-02	2.025618e-01	-1.489838e+02	1.000000e-05	1.000000e-05	8.368182e-01	8.345118e-01	8.350202e-01
chr	freebayes-snp-chr-2738897-C	2738897	0	C	G	0.056	5.057551e-01	2.955677e-01	-1.475327e+02	1.000000e-05	1.000000e-05	9.062023e-02	8.609148e-02	9.227372e-02
chr	freebayes-snp-chr-2744931-T	2744931	0	T	G	0.315	-6.615620e-02	1.488515e-01	-1.489047e+02	1.000000e-05	1.000000e-05	6.578250e-01	6.532376e-01	6.545378e-01
chr	freebayes-snp-chr-2745144-C	2745144	0	C	T	0.146	2.013146e-02	1.959283e-01	-1.490003e+02	1.000000e-05	1.000000e-05	9.183985e-01	9.172326e-01	9.174743e-01
chr	freebayes-snp-chr-2759480-G	2759480	0	G	C	0.146	6.575427e-02	1.958034e-01	-1.489480e+02	1.000000e-05	1.000000e-05	7.378168e-01	7.341986e-01	7.350994e-01
chr	freebayes-snp-chr-2759486-C	2759486	0	C	T	0.146	2.544682e-02	1.959111e-01	-1.489970e+02	1.000000e-05	1.000000e-05	8.969536e-01	8.954844e-01	8.957927e-01
chr	freebayes-snp-chr-2759501-G	2759501	0	G	T	0.213	1.651209e-01	1.679442e-01	-1.485139e+02	1.000000e-05	1.000000e-05	3.282410e-01	3.213538e-01	3.254318e-01
chr	freebayes-snp-chr-2759539-C	2759539	0	C	T	0.090	1.476880e-01	2.414117e-01	-1.488146e+02	1.000000e-05	1.000000e-05	5.422867e-01	5.365121e-01	5.385617e-01
chr	freebayes-snp-chr-2765725-T	2765725	0	T	C	0.146	-1.308568e-02	1.959235e-01	-1.490034e+02	1.000000e-05	1.000000e-05	9.469023e-01	9.461421e-01	9.462978e-01
chr	freebayes-snp-chr-2783560-G	2783560	0	G	C	0.056	4.022081e-02	3.004698e-01	-1.489965e+02	1.000000e-05	1.000000e-05	8.938226e-01	8.923093e-01	8.926276e-01
chr	freebayes-snp-chr-2799125-C	2799125	0	C	T	0.315	1.498658e-01	1.481644e-01	-1.484854e+02	1.000000e-05	1.000000e-05	3.145902e-01	3.077026e-01	3.119353e-01
chr	freebayes-snp-chr-2808736-G	2808736	0	G	A	0.101	1.967853e-01	2.285503e-01	-1.486281e+02	1.000000e-05	1.000000e-05	3.915964e-01	3.848421e-01	3.882349e-01
chr	freebayes-snp-chr-2811836-G	2811836	0	G	C	0.303	-1.460014e-01	1.497076e-01	-1.485218e+02	1.000000e-05	1.000000e-05	3.321433e-01	3.252583e-01	3.292924e-01
chr	freebayes-snp-chr-2813828-C	2813828	0	C	G	0.258	2.699811e-02	1.580572e-01	-1.489907e+02	1.000000e-05	1.000000e-05	8.647679e-01	8.628479e-01	8.632605e-01
chr	freebayes-snp-chr-2818660-A	2818660	0	C	A	0.202	7.541320e-02	1.720813e-01	-1.489075e+02	1.000000e-05	1.000000e-05	6.622973e-01	6.577613e-01	6.590368e-01
chr	freebayes-snp-chr-2830390-T	2830390	0	T	C	0.079	8.494518e-02	2.569014e-01	-1.489498e+02	1.000000e-05	1.000000e-05	7.417017e-01	7.381329e-01	7.390164e-01
chr	freebayes-snp-chr-2836328-G	2836328	4	G	A	0.059	2.471243e-01	2.997671e-01	-1.486594e+02	1.000000e-05	1.000000e-05	4.119738e-01	4.053028e-01	4.084891e-01
chr	freebayes-snp-chr-2836347-G	2836347	4	G	C	0.306	6.794222e-02	1.535080e-01	-1.489056e+02	1.000000e-05	1.000000e-05	6.591555e-01	6.545833e-01	6.558761e-01
chr	freebayes-snp-chr-2836899-A	2836899	0	A	C	0.101	1.848886e-01	2.286524e-01	-1.486725e+02	1.000000e-05	1.000000e-05	4.209502e-01	4.143215e-01	4.174192e-01
chr	freebayes-snp-chr-2837035-C	2837035	0	G	C	0.056	3.129493e-01	2.986221e-01	-1.484474e+02	1.000000e-05	1.000000e-05	2.975517e-01	2.906794e-01	2.951077e-01
chr	freebayes-snp-chr-2837110-G	2837110	2	G	A	0.138	9.275783e-02	2.027172e-01	-1.488987e+02	1.000000e-05	1.000000e-05	6.484002e-01	6.437055e-01	6.450586e-01
chr	freebayes-snp-chr-2837530-C	2837530	4	C	T	0.059	1.182515e-01	3.006562e-01	-1.489266e+02	1.000000e-05	1.000000e-05	6.950518e-01	6.909031e-01	6.920067e-01
chr	freebayes-snp-chr-2838141-C	2838141	2	C	A	0.161	2.408740e-01	1.887036e-01	-1.481799e+02	1.000000e-05	1.000000e-05	2.051874e-01	1.987673e-01	2.042513e-01
chr	freebayes-snp-chr-2838388-T	2838388	4	T	A	0.082	-1.192444e-01	2.572484e-01	-1.488959e+02	1.000000e-05	1.000000e-05	6.441363e-01	6.393936e-01	6.407711e-01
chr	freebayes-snp-chr-2838431-T	2838431	3	T	C	0.151	1.584019e-01	1.957776e-01	-1.486721e+02	1.000000e-05	1.000000e-05	4.206699e-01	4.140398e-01	4.171402e-01
chr	freebayes-snp-chr-2838517-C	2838517	3	C	T	0.140	-1.724664e-02	2.031426e-01	-1.490020e+02	1.000000e-05	1.000000e-05	9.325366e-01	9.315716e-01	9.317703e-01
chr	freebayes-snp-chr-2838652-C	2838652	4	C	T	0.106	-9.277337e-02	2.299072e-01	-1.489224e+02	1.000000e-05	1.000000e-05	6.875519e-01	6.833130e-01	6.844547e-01
chr	freebayes-snp-chr-2838755-G	2838755	4	G	A	0.129	-3.175484e-02	2.109195e-01	-1.489941e+02	1.000000e-05	1.000000e-05	8.806758e-01	8.789779e-01	8.793382e-01
chr	freebayes-snp-chr-2839051-A	2839051	4	A	G	0.059	2.385297e-01	2.998324e-01	-1.486831e+02	1.000000e-05	1.000000e-05	4.284627e-01	4.218719e-01	4.248966e-01
chr	freebayes-snp-chr-2839060-C	2839060	4	C	T	0.071	1.299224e-01	2.760842e-01	-1.488925e+02	1.000000e-05	1.000000e-05	6.391114e-01	6.343126e-01	6.357192e-01
chr	freebayes-snp-chr-2840404-A	2840404	3	A	G	0.093	3.248700e-02	2.423175e-01	-1.489965e+02	1.000000e-05	1.000000e-05	8.936585e-01	8.921429e-01	8.924617e-01
chr	freebayes-snp-chr-2841699-C	2841699	3	C	G	0.081	-3.471497e-01	2.547278e-01	-1.480657e+02	1.000000e-05	1.000000e-05	1.764546e-01	1.703348e-01	1.761112e-01
chr	freebayes-snp-chr-2842246-C	2842246	0	C	G	0.112	-1.954014e-02	2.191137e-01	-1.490016e+02	1.000000e-05	1.000000e-05	9.291454e-01	9.281321e-01	9.283411e-01
chr	freebayes-snp-chr-2842270-T	2842270	0	T	C	0.135	3.101736e-01	1.998570e-01	-1.477904e+02	1.000000e-05	1.000000e-05	1.242979e-01	1.189939e-01	1.251497e-01
chr	freebayes-snp-chr-2842435-A	2842435	0	A	G	0.303	1.541302e-01	1.496282e-01	-1.484662e+02	1.000000e-05	1.000000e-05	3.058242e-01	2.989422e-01	3.032753e-01
chr	freebayes-snp-chr-2842699-T	2842699	0	T	C	0.258	1.259974e-01	1.575056e-01	-1.486795e+02	1.000000e-05	1.000000e-05	4.259158e-01	4.193119e-01	4.223612e-01
chr	freebayes-snp-chr-2842705-T	2842705	0	T	G	0.056	1.540340e-01	3.000634e-01	-1.488711e+02	1.000000e-05	1.000000e-05	6.090161e-01	6.038915e-01	6.054810e-01
chr	freebayes-snp-chr-2842732-C	2842732	0	C	T	0.281	1.577530e-01	1.530476e-01	-1.484655e+02	1.000000e-05	1.000000e-05	3.055176e-01	2.986359e-01	3.029725e-01
chr	freebayes-snp-chr-2842810-G	2842810	0	G	A	0.247	1.055555e-01	1.600267e-01	-1.487837e+02	1.000000e-05	1.000000e-05	5.112454e-01	5.052076e-01	5.074987e-01
chr	freebayes-snp-chr-2856044-A	2856044	0	A	G	0.124	-4.041381e-02	2.102175e-01	-1.489868e+02	1.000000e-05	1.000000e-05	8.479963e-01	8.458438e-01	8.463132e-01
chr	freebayes-snp-chr-2864161-A	2864161	0	A	G	0.056	3.779134e-01	2.977562e-01	-1.481892e+02	1.000000e-05	1.000000e-05	2.077532e-01	2.013107e-01	2.067670e-01
chr	freebayes-snp-chr-2867525-C	2867525	0	C	T	0.236	1.479831e-01	1.622153e-01	-1.485820e+02	1.000000e-05	1.000000e-05	3.641509e-01	3.573143e-01	3.609965e-01
chr	freebayes-snp-chr-2881725-T	2881725	0	T	C	0.067	-1.468875e-01	2.755205e-01	-1.488605e+02	1.000000e-05	1.000000e-05	5.953048e-01	5.900382e-01	5.917159e-01
chr	freebayes-snp-chr-2916703-G	2916703	0	G	C	0.079	1.388056e-01	2.566307e-01	-1.488563e+02	1.000000e-05	1.000000e-05	5.899747e-01	5.846539e-01	5.863668e-01
chr	freebayes-snp-chr-2918073-A	2918073	0	A	G	0.067	8.864976e-02	2.758025e-01	-1.489528e+02	1.000000e-05	1.000000e-05	7.486594e-01	7.451796e-01	7.460326e-01
chr	freebayes-snp-chr-2918546-C	2918546	0	C	T	0.281	4.751415e-02	1.538938e-01	-1.489569e+02	1.000000e-05	1.000000e-05	7.582526e-01	7.548965e-01	7.557082e-01
chr	freebayes-snp-chr-2928016-C	2928016	0	C	T	0.079	2.704122e-01	2.554218e-01	-1.484360e+02	1.000000e-05	1.000000e-05	2.926721e-01	2.858076e-01	2.902923e-01
chr	freebayes-snp-chr-2955823-C	2955823	0	C	G	0.090	-5.092743e-02	2.418840e-01	-1.489830e+02	1.000000e-05	1.000000e-05	8.337348e-01	8.313862e-01	8.319054e-01
chr	freebayes-snp-chr-2997152-C	2997152	0	C	A	0.056	9.986975e-02	3.003183e-01	-1.489491e+02	1.000000e-05	1.000000e-05	7.402767e-01	7.366897e-01	7.375796e-01
chr	freebayes-snp-chr-3001827-C	3001827	0	C	G	0.112	-1.866609e-01	2.181933e-01	-1.486329e+02	1.000000e-05	1.000000e-05	3.946333e-01	3.878903e-01	3.912518e-01
chr	freebayes-snp-chr-3005935-A	3005935	0	A	G	0.348	-1.780145e-02	1.452426e-01	-1.489980e+02	1.000000e-05	1.000000e-05	9.027354e-01	9.013477e-01	9.016379e-01
chr	freebayes-snp-chr-3016908-C	3016908	0	C	T	0.247	1.055555e-01	1.600267e-01	-1.487837e+02	1.000000e-05	1.000000e-05	5.112454e-01	5.052076e-01	5.074987e-01
chr	freebayes-snp-chr-3027817-G	3027817	0	G	A	0.079	2.060475e-01	2.561149e-01	-1.486758e+02	1.000000e-05	1.000000e-05	4.232944e-01	4.166772e-01	4.197521e-01
chr	freebayes-snp-chr-3031373-A	3031373	0	A	G	0.090	1.535431e-01	2.413829e-01	-1.487992e+02	1.000000e-05	1.000000e-05	5.263826e-01	5.204697e-01	5.226408e-01
chr	freebayes-snp-chr-3066399-C	3066399	0	C	T	0.258	9.699594e-02	1.577405e-01	-1.488127e+02	1.000000e-05	1.000000e-05	5.402202e-01	5.344272e-01	5.364924e-01
chr	freebayes-snp-chr-3102861-C	3102861	0	C	G	0.281	7.084129e-02	1.537906e-01	-1.488973e+02	1.000000e-05	1.000000e-05	6.462100e-01	6.414906e-01	6.428563e-01
chr	freebayes-snp-chr-3119553-T	3119553	0	T	C	0.067	-1.685306e-01	2.753813e-01	-1.488145e+02	1.000000e-05	1.000000e-05	5.421407e-01	5.363647e-01	5.384155e-01
chr	freebayes-snp-chr-3120725-T	3120725	0	T	G	0.067	-5.872779e-01	2.686881e-01	-1.466268e+02	1.000000e-05	1.000000e-05	3.152217e-02	2.916672e-02	3.413519e-02
chr	freebayes-snp-chr-3121238-A	3121238	0	A	G	0.247	1.565699e-02	1.604173e-01	-1.490008e+02	1.000000e-05	1.000000e-05	9.224731e-01	9.213650e-01	9.215943e-01
chr	freebayes-snp-chr-3124651-G	3124651	0	G	A	0.213	1.695080e-01	1.679069e-01	-1.484874e+02	1.000000e-05	1.000000e-05	3.155175e-01	3.086296e-01	3.128518e-01
chr	freebayes-snp-chr-3147476-T	3147476	0	T	C	0.236	1.119928e-01	1.625465e-01	-1.487635e+02	1.000000e-05	1.000000e-05	4.926635e-01	4.864816e-01	4.889260e-01
chr	freebayes-snp-chr-3159182-T	3159182	0	T	C	0.247	1.624822e-01	1.594723e-01	-1.484778e+02	1.000000e-05	1.000000e-05	3.110879e-01	3.042020e-01	3.084747e-01
chr	freebayes-snp-chr-3164403-C	3164403	0	C	T	0.247	1.580786e-01	1.595269e-01	-1.485062e+02	1.000000e-05	1.000000e-05	3.244718e-01	3.175835e-01	3.217040e-01
chr	freebayes-snp-chr-3189698-T	3189698	0	T	C	0.360	2.468451e-02	1.441894e-01	-1.489907e+02	1.000000e-05	1.000000e-05	8.644679e-01	8.625437e-01	8.629573e-01
chr	freebayes-snp-chr-3231866-T	3231866	0	T	C	0.056	-2.364483e-01	2.994385e-01	-1.486879e+02	1.000000e-05	1.000000e-05	4.318855e-01	4.253126e-01	4.283044e-01
chr	freebayes-snp-chr-3232011-A	3232011	0	A	G	0.371	6.038370e-02	1.431296e-01	-1.489147e+02	1.000000e-05	1.000000e-05	6.741523e-01	6.697545e-01	6.709660e-01
chr	freebayes-snp-chr-3268430-A	3268430	0	A	G	0.191	1.499541e-01	1.753101e-01	-1.486330e+02	1.000000e-05	1.000000e-05	3.946985e-01	3.879558e-01	3.913167e-01
chr	freebayes-snp-chr-3269209-T	3269209	0	T	G	0.202	1.109102e-01	1.718769e-01	-1.487932e+02	1.000000e-05	1.000000e-05	5.204382e-01	5.144754e-01	5.166932e-01
chr	freebayes-snp-chr-3272632-A	3272632	0	A	G	0.281	1.061270e-01	1.535572e-01	-1.487620e+02	1.000000e-05	1.000000e-05	4.913280e-01	4.851361e-01	4.875918e-01
chr	freebayes-snp-chr-3302566-C	3302566	0	C	T	0.213	7.787441e-02	1.686811e-01	-1.488968e+02	1.000000e-05	1.000000e-05	6.454727e-01	6.407450e-01	6.421149e-01
chr	freebayes-snp-chr-3360043-A	3360043	1	A	G	0.330	9.333911e-02	1.477208e-01	-1.488019e+02	1.000000e-05	1.000000e-05	5.291342e-01	5.232447e-01	5.253945e-01
chr	freebayes-snp-chr-3360832-G	3360832	0	G	A	0.326	1.785045e-01	1.464111e-01	-1.482518e+02	1.000000e-05	1.000000e-05	2.260633e-01	2.194785e-01	2.247324e-01
chr	freebayes-snp-chr-3378511-A	3378511	0	A	G	0.079	1.764582e-01	2.563694e-01	-1.487640e+02	1.000000e-05	1.000000e-05	4.930971e-01	4.869184e-01	4.893592e-01
chr	freebayes-snp-chr-3395466-G	3395466	0	G	A	0.236	1.102106e-01	1.625612e-01	-1.487712e+02	1.000000e-05	1.000000e-05	4.995938e-01	4.934643e-01	4.958508e-01
chr	freebayes-snp-chr-3395886-T	3395886	0	T	C	0.067	2.015419e-01	2.751374e-01	-1.487320e+02	1.000000e-05	1.000000e-05	4.658239e-01	4.594534e-01	4.621309e-01
chr	freebayes-snp-chr-3395897-C	3395897	0	C	T	0.270	1.227145e-01	1.553850e-01	-1.486878e+02	1.000000e-05	1.000000e-05	4.318241e-01	4.252509e-01	4.282433e-01
chr	freebayes-snp-chr-3400442-A	3400442	0	A	G	0.258	1.384801e-01	1.573850e-01	-1.486114e+02	1.000000e-05	1.000000e-05	3.813476e-01	3.745584e-01	3.780578e-01
chr	freebayes-snp-chr-3406497-G	3406497	0	G	T	0.315	1.399205e-01	1.482762e-01	-1.485525e+02	1.000000e-05	1.000000e-05	3.479631e-01	3.410952e-01	3.449536e-01
chr	freebayes-snp-chr-3526365-T	3526365	0	T	A	0.090	1.273325e-01	2.415585e-01	-1.488638e+02	1.000000e-05	1.000000e-05	5.994458e-01	5.942216e-01	5.958724e-01
chr	freebayes-snp-chr-3527430-A	3527430	0	A	G	0.326	1.144454e-01	1.471450e-01	-1.486973e+02	1.000000e-05	1.000000e-05	4.388130e-01	4.322780e-01	4.352038e-01
chr	freebayes-snp-chr-3527744-G	3527744	0	G	C	0.079	1.421469e-01	2.566136e-01	-1.488490e+02	1.000000e-05	1.000000e-05	5.810452e-01	5.756353e-01	5.774082e-01
chr	freebayes-snp-chr-3536624-T	3536624	1	T	C	0.170	2.332246e-01	1.833620e-01	-1.481857e+02	1.000000e-05	1.000000e-05	2.067856e-01	2.003514e-01	2.058182e-01
chr	freebayes-snp-chr-3536684-T	3536684	0	T	C	0.101	-3.363724e-02	2.294934e-01	-1.489947e+02	1.000000e-05	1.000000e-05	8.838092e-01	8.821552e-01	8.825054e-01
chr	freebayes-snp-chr-3536900-T	3536900	0	T	C	0.180	2.930208e-01	1.774479e-01	-1.476323e+02	1.000000e-05	1.000000e-05	1.022814e-01	9.745692e-02	1.036602e-01
chr	freebayes-snp-chr-3542316-G	3542316	0	G	T	0.360	-5.518582e-01	2.668686e-01	-1.489520e+02	2.001899e-01	1.000000e-05	4.161922e-02	7.433388e-01	7.441997e-01
chr	freebayes-snp-chr-3545138-T	3545138	0	T	G	0.247	1.419916e-01	1.597023e-01	-1.486031e+02	1.000000e-05	1.000000e-05	3.764003e-01	3.695961e-01	3.731475e-01
chr	freebayes-snp-chr-3545195-A	3545195	0	A	G	0.247	1.419916e-01	1.597023e-01	-1.486031e+02	1.000000e-05	1.000000e-05	3.764003e-01	3.695961e-01	3.731475e-01
chr	freebayes-snp-chr-3545675-T	3545675	1	T	C	0.068	1.563215e-01	2.755871e-01	-1.488414e+02	1.000000e-05	1.000000e-05	5.720180e-01	5.665198e-01	5.683547e-01
chr	freebayes-snp-chr-3545845-T	3545845	1	T	C	0.102	2.116559e-01	2.285525e-01	-1.485691e+02	1.000000e-05	1.000000e-05	3.569708e-01	3.501186e-01	3.538785e-01
chr	freebayes-snp-chr-3579911-G	3579911	0	G	C	0.337	1.648708e-01	1.453293e-01	-1.483522e+02	1.000000e-05	1.000000e-05	2.597163e-01	2.529475e-01	2.578151e-01
chr	freebayes-snp-chr-3587272-G	3587272	0	G	A	0.213	7.661751e-02	1.686877e-01	-1.489003e+02	1.000000e-05	1.000000e-05	6.508178e-01	6.461505e-01	6.474899e-01
chr	freebayes-snp-chr-3601706-T	3601706	0	T	C	0.303	1.422132e-01	1.497646e-01	-1.485468e+02	1.000000e-05	1.000000e-05	3.449571e-01	3.380849e-01	3.419764e-01
chr	freebayes-snp-chr-3609524-C	3609524	0	C	T	0.404	2.012103e-01	1.393463e-01	-1.479518e+02	1.000000e-05	1.000000e-05	1.523421e-01	1.465507e-01	1.525356e-01
chr	freebayes-snp-chr-3611135-A	3611135	0	A	G	0.337	1.926736e-01	1.449342e-01	-1.481108e+02	1.000000e-05	1.000000e-05	1.871958e-01	1.809531e-01	1.866245e-01
chr	freebayes-snp-chr-3612494-C	3612494	0	C	T	0.112	2.301910e-01	2.177247e-01	-1.484375e+02	1.000000e-05	1.000000e-05	2.933211e-01	2.864555e-01	2.909327e-01
chr	freebayes-snp-chr-3613618-T	3613618	0	T	C	0.348	1.771357e-01	1.440074e-01	-1.482384e+02	1.000000e-05	1.000000e-05	2.219959e-01	2.154400e-01	2.207395e-01
chr	freebayes-snp-chr-3616037-A	3616037	0	A	G	0.124	-1.510029e-01	2.096224e-01	-1.487410e+02	1.000000e-05	1.000000e-05	4.732365e-01	4.669157e-01	4.695274e-01
chr	freebayes-snp-chr-3622710-T	3622710	0	T	C	0.360	1.643169e-01	1.431357e-01	-1.483366e+02	1.000000e-05	1.000000e-05	2.541239e-01	2.473793e-01	2.523117e-01
chr	freebayes-snp-chr-3623103-T	3623103	0	T	C	0.371	1.718728e-01	1.420868e-01	-1.482635e+02	1.000000e-05	1.000000e-05	2.296966e-01	2.230873e-01	2.283001e-01
chr	freebayes-snp-chr-3636038-A	3636038	0	A	G	0.135	1.947159e-01	2.015351e-01	-1.485307e+02	1.000000e-05	1.000000e-05	3.366405e-01	3.297589e-01	3.337428e-01
chr	freebayes-snp-chr-3636407-A	3636407	0	A	G	0.124	1.888265e-01	2.092844e-01	-1.485912e+02	1.000000e-05	1.000000e-05	3.694161e-01	3.625925e-01	3.662182e-01
chr	freebayes-snp-chr-3651425-C	3651425	0	C	A	0.303	1.641266e-01	1.495067e-01	-1.483935e+02	1.000000e-05	1.000000e-05	2.753264e-01	2.685026e-01	2.731887e-01
chr	freebayes-snp-chr-3658510-C	3658510	0	C	A	0.146	1.630999e-01	1.951603e-01	-1.486498e+02	1.000000e-05	1.000000e-05	4.056003e-01	3.989014e-01	4.021514e-01
chr	freebayes-snp-chr-3668199-G	3668199	0	G	A	0.371	2.009349e-01	1.416477e-01	-1.479881e+02	1.000000e-05	1.000000e-05	1.596016e-01	1.537033e-01	1.596301e-01
chr	freebayes-snp-chr-3670926-T	3670926	0	T	C	0.067	2.015419e-01	2.751374e-01	-1.487320e+02	1.000000e-05	1.000000e-05	4.658239e-01	4.594534e-01	4.621309e-01
