Strain	freq.L	DZA_L_Freq_med	DZA_L_Fit_med	DZA_Lold_Freq_med	DZA_Lold_Fit_med	A17_L_Freq_med	A17_L_Fit_med	A17_Lold_Freq_med	A17_Lold_Fit_med
MAG10	0.010716243	0.00368376	-1.54054824	0.00385896	-1.584419911	0.00442243	-1.276888004	0.00646397	-0.784125592
MAG121	0.012728605	0.000708623	-4.166912262	0.003124555	-2.027036045	0.0103895	-0.292948139	0.010255925	-0.331869174
MAG123	0.009786759	0.0108762	0.152271527	0.00662308	-0.563427647	0.011008994	0.16977953	0.00956605	-0.033079878
MAG144B	0.011459487	0.00836359	-0.454348202	0.006465925	-0.90573627	0.00693622	-0.724320884	0.00873066	-0.392388964
MAG145	0.00925058	0.00754965	-0.293134115	0.009892325	0.078130479	0.0060512	-0.612322609	0.005972935	-0.632107207
MAG146	0.011673394	0.0119989	0.039678029	0.00641232	-1.183750533	0.00905101	-0.367073427	0.008862195	-0.402047533
MAG148B	0.012607098	0.00667548	-0.917292754	0.001769115	-2.835862162	0.008819922	-0.515398437	0.0167436	0.396934195
MAG154	0.013007751	0.00520982	-1.320066156	0.00713681	-0.875102242	0.006253427	-1.056652653	0.007616915	-0.772489616
MAG157	0.013555684	0.0090854	-0.577275968	0.006382095	-1.094875114	0.010161	-0.415855514	0.009912195	-0.465143854
MAG158B	0.010619295	0.00576466	-0.881380563	0.00450599	-1.236794176	0.00611672	-0.795857847	0.004932805	-1.106233407
MAG16	0.008865741	0.0118246	0.415478182	0.009172195	0.04781558	0.0075111	-0.239217089	0.006903715	-0.361276936
MAG169	0.012877451	0.00642839	-1.002317718	0.014629	0.175279118	0.009069984	-0.505675182	0.007709545	-0.740276656
MAG176B	0.012912698	0.0112839	-0.194524713	0.00685825	-0.917538398	0.0119872	-0.107295789	0.009381225	-0.461109584
MAG177	0.00913876	0.0101202	0.14716743	0.006871375	-0.424627363	0.0088619	-0.044382419	0.01144025	0.323462404
MAG18	0.009423831	0.00148117	-2.669576469	0.00694242	-1.321024688	0.009759226	0.050453013	0.0109013	-0.025218744
MAG182	0.008282696	0.00882396	0.091325839	0.006209415	-0.420966518	0.006236972	-0.40925472	0.006029055	-0.458495946
MAG183	0.009695405	0.0185792	0.938315347	0.0236423	1.244380671	0.00964873	-0.006962068	0.01261315	0.349001266
MAG184	0.009654296	0.0102823	0.090920055	0.011043445	0.173137774	0.0169069	0.8083692	0.01959935	1.0182005
MAG191	0.011994786	0.0118689	-0.015221201	0.01244965	0.044024738	0.0127686	0.090192917	0.01381325	0.203488556
MAG192D	0.016290142	0.00308077	-2.402636283	0.002457755	-2.77202795	0.00355343	-2.196714867	0.004056165	-2.00611445
MAG194-mel	0.003222941	0.00219313	-0.555386257	0.0020008	-0.688905084	0.00258601	-0.317649734	0.002703435	-0.253621585
MAG199	0.00924392	0.00864606	-0.096461935	0.01724725	0.898780893	0.0155586	0.751135561	0.0172612	0.900952298
MAG200	0.008034406	0.0120829	0.588703568	0.00740375	-0.119266658	0.005604596	-0.519580929	0.006865475	-0.232373512
MAG201	0.007812564	0.00216212	-1.853349571	0.00271662	-1.680034821	0.008649347	0.146794996	0.00427262	-0.870825647
MAG204	0.008323345	0.0118958	0.515216983	0.008198825	-0.040344255	0.00906574	0.123261378	0.00848494	0.027148238
MAG21	0.010167631	0.00431132	-1.237782008	0.00360972	-1.495532198	0.00479333	-1.084883389	0.005374135	-0.919954884
MAG215	0.011836945	0.00546243	-1.115682036	0.00387284	-1.61334456	0.00594841	-0.992720833	0.008999865	-0.444219122
MAG220	0.013592851	0.00712714	-0.931452934	0.00693774	-0.970382671	0.0105657	-0.363459751	0.01075908	-0.358639884
MAG221	0.015230029	0.00151621	-3.328377202	0.00292545	-2.381443636	0.0070806	-1.10497517	0.004603935	-1.726027578
MAG225	0.011066969	0.00638236	-0.794098325	0.00506789	-1.127377741	0.00661626	-0.742172382	0.00564278	-0.971783845
MAG230	0.013538326	0.00449997	-1.589062049	0.00486776	-1.475751213	0.007314546	-0.888209055	0.0116054	-0.224438493
MAG24	0.008140783	0.0084396	0.052007028	0.01266765	0.636338931	0.00594446	-0.453621835	0.006272015	-0.380323838
MAG242	0.01387556	0.00397968	-1.801821635	0.004819025	-1.560931391	0.00475459	-1.545153127	0.00626741	-1.146695016
MAG243A	0.013127313	0.0156659	0.255055991	0.006012105	-1.127913519	0.00680961	-0.946927584	0.008046025	-0.706443167
MAG245	0.011195804	0.00914727	-0.291545011	0.00650143	-0.796234568	0.013244524	0.242437806	0.009576315	-0.235346871
MAG248	0.009877287	0.00715768	-0.464622747	0.00437051	-1.189519382	0.006852937	-0.527392413	0.00466024	-1.087285766
MAG258	0.0099001	0.0103677	0.066580874	0.00698052	-0.505435572	0.00978506	-0.016862402	0.007479705	-0.404869792
MAG259	0.013117636	0.00522808	-1.32715463	0.005272375	-1.335147766	0.005593948	-1.229568969	0.00533054	-1.300183389
MAG27	0.009131731	0.000176969	-5.689319806	0.0036536	-1.358408459	0.00021454	-5.411569812	0.001366845	-2.740580875
MAG278	0.013718047	0.0121899	-0.17038886	0.00557683	-1.300840651	0.008803729	-0.639888556	0.007521155	-0.88276416
MAG282	0.01112675	0.00530907	-1.067501239	0.007108855	-0.646348833	0.00642409	-0.792468298	0.006406885	-0.797011165
MAG286	0.00990224	0.00604593	-0.711790654	0.01093642	0.020882243	0.00923357	-0.100866381	0.007611495	-0.423306323
MAG31	0.00996025	0.00290686	-1.776720334	0.002370475	-2.078186691	0.00426037	-1.225203195	0.00379139	-1.394442111
MAG313	0.013222973	0.00532557	-1.3120387	0.008818345	-0.587929018	0.006833238	-0.952405183	0.00675402	-0.969815386
MAG320	0.010538035	0.0109581	0.056391811	0.01189735	0.164617671	0.0125707	0.254459125	0.0136301	0.360830355
MAG322	0.016854245	0.00210084	-3.004073814	0.001037756	-4.068851653	0.0521349	1.629137451	0.0380318	1.170094077
MAG325	0.010701361	0.022537	1.074501186	0.00908572	-0.236991441	0.011228177	0.069329414	0.01110755	0.051159663
MAG33	0.007666387	0.000585396	-3.711061972	0.005511645	-1.148173016	0.007754944	0.016569559	0.0079873	0.047792208
MAG34	0.008955954	0.00237431	-1.91533873	0.00332786	-1.453201685	0.007439488	-0.267643619	0.00438269	-1.031660577
MAG342	0.011626878	0.00695785	-0.740750335	0.00680961	-0.829689817	0.010701815	-0.119608269	0.01261445	0.117500383
MAG358	0.008538783	0.012227	0.517968026	0.021456875	0.956085441	0.008831564	0.048638365	0.00869786	0.022765667
MAG373	0.010666213	0.0150258	0.494393812	0.01564555	0.516827756	0.0139781	0.390120281	0.0117006	0.13228482
MAG384	0.014240587	0.00322597	-2.142203692	0.030791	1.003541989	0.008959478	-0.668522049	0.005807905	-1.295550953
MAG386	0.011521896	0.0108785	-0.082898438	0.006680225	-0.925494977	0.00977933	-0.236570548	0.01150757	-0.033504051
MAG40	0.010499506	0.00658438	-0.673201918	0.00556668	-0.916715882	0.0139419	0.409105762	0.007811005	-0.426863016
MAG406	0.011927931	0.00768746	-0.633764862	0.00500486	-1.253280743	0.0164482	0.463585946	0.0133358	0.153695297
MAG41	0.009700637	0.00771627	-0.330175934	0.005347705	-0.862194033	0.013993886	0.528645158	0.03222	1.729360913
MAG417	0.008958005	0.0148248	0.726763237	0.0137021	0.563939235	0.0317661	1.826238573	0.00514183	-0.92693344
MAG42	0.00952606	0.00254052	-1.90675583	0.002941345	-1.820079913	0.009388071	-0.021050887	0.004538555	-1.069751879
MAG420	0.01062523	0.0135243	0.348059837	0.011482215	0.094443832	0.011918575	0.165717618	0.01067635	0.005841289
MAG48	0.009223179	0.0083011	-0.151961521	0.00521538	-0.823529377	0.0105465	0.19342835	0.0188285	1.025471585
MAG5	0.012551461	0.00562169	-1.158779494	0.00518203	-1.276267066	0.0061751	-1.023320895	0.0054535	-1.202658299
MAG513	0.008441959	0.0102384	0.278340528	0.00951691	0.170137733	0.00912655	0.112491755	0.01126655	0.410527486
MAG514	0.010282708	0.0111585	0.117922872	0.01399075	0.429495388	0.0128542	0.322019593	0.01357225	0.398464876
MAG523	0.008019347	0.0150256	0.905866001	0.01862525	1.098095309	0.010591521	0.40135312	0.007376665	-0.12064822
MAG530	0.015139296	0.00322835	-2.229429266	0.02420355	0.544437633	0.008221398	-0.880842591	0.005969395	-1.346182067
MAG533	0.010565017	0.0124834	0.240715812	0.010761745	0.015967977	0.0103117	-0.035012914	0.01333485	0.334513766
MAG539	0.008809505	0.00971508	0.141164837	0.01057005	0.186376564	0.00673762	-0.386821975	0.007038685	-0.323806811
MAG540	0.011234235	0.00801222	-0.487627908	0.00524479	-1.109799531	0.00839579	-0.420163862	0.007308975	-0.620786194
MAG62	0.009714633	0.0225926	1.217618955	0.0212355	1.127918536	0.0141188	0.539386121	0.0203729	1.065043084
MAG65	0.008876202	0.000699443	-3.665664082	0.003646365	-1.752683573	0.017515787	0.980641457	0.01555375	0.808321222
MAG66	0.014229596	0.00468346	-1.603248057	0.00582316	-1.293910625	0.00889578	-0.677701691	0.00788006	-0.870460728
MAG701B	0.01631839	0.0086472	-0.916193761	0.00759149	-1.104087701	0.00990779	-0.719863528	0.0108667	-0.58660809
MAG714A	0.01182881	0.0109992	-0.104906286	0.00996382	-0.249317137	0.0135846	0.199667203	0.01218985	0.03818516
MAG722B	0.013717795	0.0147811	0.10770506	0.00923689	-0.571138518	0.0145136	0.081356837	0.01767575	0.364984531
MAG726A	0.01390497	0.00970143	-0.519331322	0.007434115	-0.904130162	0.0128447	-0.11442745	0.008447515	-0.720090896
MAG726B	0.015343855	0.00966936	-0.666168711	0.009880025	-0.635150055	0.0114029	-0.428260241	0.01146135	-0.42089186
MAG73	0.007946826	0.0188158	1.24349392	0.0204485	1.280130866	0.0108375	0.447581283	0.00697594	-0.188307819
MAG733A	0.014764592	0.0090798	-0.701409073	0.009757135	-0.667031478	0.0134422	-0.135372224	0.009468725	-0.653193185
MAG739A	0.014584643	0.0210877	0.531951679	0.00954041	-0.6146708	0.0143414	-0.024264207	0.02108715	0.519994089
MAG746A	0.01312082	0.00462832	-1.503297326	0.00324692	-2.151074004	0.00787521	-0.736467547	0.007782765	-0.753513262
MAG746B	0.014287507	0.00392589	-1.86366257	0.0029583	-2.297665821	0.00634626	-1.170775692	0.005812805	-1.297450585
MAG748A	0.01319432	0.00636146	-1.052487219	0.004161885	-1.693038705	0.00752578	-0.810004015	0.00764381	-0.788697939
MAG749B	0.010101478	0.0459115	2.184289209	0.05593985	1.881395945	0.023281556	1.204621149	0.03115115	1.563996973
MAG749C	0.014627091	0.00954361	-0.616035882	0.00537495	-1.453932824	0.009880872	-0.565932588	0.008916205	-0.714336684
MAG755A	0.011463858	0.0215902	0.913283961	0.00801415	-0.64140998	0.0107375	-0.094434515	0.03253215	1.493644668
MAG761A	0.010913323	0.0158522	0.538592621	0.01364235	0.31586973	0.010855605	-0.007650268	0.0158148	0.53435454
MAG88	0.008694623	0.00183595	-2.243596719	0.00217797	-2.077694758	0.00879209	0.016082666	0.00395611	-1.136634099
MAG97	0.012531399	0.0168807	0.429827217	0.02303955	0.874635583	0.0156346	0.319194797	0.01058025	-0.244739183
